100001; 3.1950140000; 25.0383900000
100002; 10.6734280000; 24.8123500000
100004; 140.2344780000; 184.1235800000
100005; 78.1189320000; 106.1376600000
100006; 80.5226700000; 109.0463800000
100008; 26.4800700000; 48.3662400000
100009; 177.1701260000; 222.0555700000
100011; 94.0981240000; 161.6155600000
100012; 27.1386500000; 42.2409400000
100013; 78.2485680000; 99.7266100000
100015; 50.2114580000; 94.4019400000
100016; 36.7500000000; 42.1763500000
100017; 260.5261940000; 280.4599600000
100018; 10.1207460000; 12.4416500000
100021; 0.1984460000; 44.7326900000
100023; 61.3721320000; 71.0739300000
100025; 5.2951220000; 23.1512000000
100026; 1.1906760000; 20.1734900000
100027; 9.2205380000; 23.2923000000
100028; 19.1724460000; 57.4328400000
100029; 8.7137840000; 39.0178700000
100032; 5.7740000000; 15.5118500000
100036; 9.8939100000; 33.1763800000
100041; 5.8973600000; 13.9430800000
100043; 7.7672300000; 26.9196600000
100045; 15.6005600000; 30.2746300000
100046; 41.4943440000; 112.2835300000
100047; 5.5811800000; 7.1192700000
100048; 10.9145300000; 52.0061300000
100049; 12.1706380000; 65.9117900000
100050; 46.7603760000; 64.9101500000
100051; 8.9739780000; 41.3290600000
100053; 9.8939100000; 12.7704900000
100056; 106.8600000000; 145.9168000000
100057; 43.4836320000; 60.6489100000
100059; 0.8338200000; 2.5762100000
100061; 1.1906760000; 6.0029400000
100067; 141.2012140000; 224.6487000000
100068; 19.3200000000; 23.4115900000
100074; 8.0000000000; 13.8581700000
100077; 24.7950000000; 26.9519300000
100078; 26.3632600000; 41.1128500000
100079; 73.7930580000; 166.3136400000
100080; 54.1446900000; 103.7408600000
100082; 71.8193800000; 121.1585700000
100083; 9.3046800000; 20.0307500000
100084; 105.9935260000; 138.5959300000
100085; 15.5965880000; 38.5971500000
100086; 2.1829060000; 13.5410000000
100087; 1.7860140000; 7.2971800000
100088; 0.7440000000; 6.9810200000
100089; 42.5420000000; 49.7409200000
100090; 12.5327980000; 29.0023400000
100092; 26.4443380000; 32.8463600000
100093; 4.6336400000; 5.6356500000
100094; 7.9997440000; 19.5190200000
100096; 5.7350580000; 22.0786700000
100097; 113.2859960000; 130.6292400000
100098; 147.1374980000; 196.7973300000
100099; 65.8800000000; 142.8113300000
100101; 40.4395200000; 64.0540300000
100102; 64.7618400000; 120.7602200000
100103; 15.7612660000; 16.0588900000
100104; 14.4715770000; 37.5726500000
100105; 3.5158250000; 5.3712800000
100106; 23.4204590000; 88.8278300000
100108; 6.5428280000; 62.1198900000
100110; 2.4767900000; 45.4608100000
100111; 3.5364100000; 9.4843000000
100115; 120.8528800000; 268.4673000000
100116; 56.5567200000; 82.0034900000
100117; 21.3907300000; 74.4491800000
100119; 17.3000000000; 16.8683200000
100121; 1.4063300000; 4.3652200000
100122; 9.1889560000; 14.9252000000
100125; 40.3500000000; 63.0548100000
100126; 9.7324580000; 54.3779900000
100128; 18.7240000000; 18.3176200000
100129; 6.1714650000; 8.5049600000
100130; 0.0705000000; 42.8285900000
100131; 8.9143970000; 35.3157100000
100132; 7.7348150000; 21.1976600000
100133; 1.2656970000; 66.1088100000
100135; 30.4567870000; 71.4912400000
100138; 0.4695180000; 27.2842100000
100139; 0.3446470000; 41.2404100000
100140; 0.1000000000; 6.8877500000
100141; 10.6428260000; 13.8335200000
100143; 0.8437980000; 38.0221200000
100144; 1.5624480000; 11.1847300000
100145; 11.4482800000; 28.3918600000
100146; 2.8610270000; 7.1784600000
100148; 6.4570250000; 67.0952500000
100149; 1.1893100000; 32.8902700000
100150; 5.3440540000; 6.4199000000
100156; 3.3345590000; 22.3761500000
100157; 12.5173270000; 18.1140600000
100159; 18.5635560000; 21.2862100000
100162; 0.7031650000; 3.8692300000
100163; 0.4218990000; 4.3133600000
100164; 6.9468000000; 18.9189100000
100165; 0.7260000000; 5.2127800000
100168; 13.7336250000; 20.3992000000
100170; 2.9532930000; 3.9304000000
100171; 9.5630440000; 12.8493800000
100172; 1.4063300000; 18.6613400000
100173; 35.5137530000; 83.8862300000
100174; 0.4218990000; 3.9921000000
100175; 0.6029680000; 10.7995100000
100179; 0.7031650000; 16.8803100000
100182; 4.8301720000; 21.6688400000
100187; 4.7690000000; 8.9301800000
100191; 85.5900000000; 102.5465200000
100192; 20.5200000000; 27.9184200000
100193; 10.8697900000; 20.2068500000
100194; 14.3706400000; 35.1047800000
100196; 10.7929420000; 11.7844800000
100199; 30.6982650000; 68.6596700000
100201; 9.8630860000; 37.7004900000
100202; 12.3440000000; 81.2638200000
100203; 0.1500000000; 45.8134800000
100204; 5.9126760000; 9.9830200000
100205; 0.4354820000; 32.5322300000
100206; 53.6266720000; 89.3331300000
100208; 31.4400700000; 65.5058100000
100209; 20.3215580000; 46.5782600000
100211; 20.4694560000; 31.3945100000
100215; 4.4653020000; 39.6972100000
100217; 24.4961340000; 25.4649000000
100218; 63.4952220000; 89.7610500000
100219; 55.5939740000; 57.0846800000
100220; 25.9265280000; 44.7751500000
100221; 20.6434560000; 116.6881600000
100222; 1.4093040000; 63.0260900000
100223; 91.8208880000; 88.8467000000
100224; 21.2710000000; 41.3072300000
100225; 18.7926960000; 94.7043100000
100226; 1.1457000000; 34.9916400000
100227; 11.2944260000; 55.8458100000
100228; 122.9971520000; 118.8001300000
100229; 93.6605520000; 94.5709900000
100230; 17.2440650000; 50.0600700000
100231; 53.8145500000; 82.9805200000
100232; 17.4216420000; 27.7660300000
100235; 5.5841940000; 5.7314300000
100236; 3.9638940000; 40.8831000000
100237; 7.9946840000; 47.4099000000
100240; 1.6424100000; 7.3640900000
100242; 26.9051620000; 62.8674200000
100244; 8.3604480000; 10.5165200000
100245; 31.3485660000; 31.5489700000
100246; 14.2861560000; 23.6343200000
100247; 14.3590060000; 22.5496500000
100250; 73.2514860000; 71.0996200000
100251; 15.7387080000; 54.9014100000
100252; 47.0516600000; 126.5607600000
100253; 14.4532080000; 19.4864200000
100254; 15.3126040000; 22.9809300000
100259; 3.8660000000; 30.1242100000
100261; 2.2125880000; 17.6296500000
100263; 3.9417840000; 7.6260700000
100264; 9.1974960000; 10.9637600000
100265; 15.1101720000; 21.7765800000
100267; 88.0844750000; 145.9095900000
100268; 98.1354280000; 104.7210000000
100271; 0.2980000000; 28.8296200000
100277; 0.6000000000; 0.8280900000
100282; 89.4637800000; 109.1031200000
100283; 82.1678600000; 95.0421200000
100285; 0.2290000000; 0.3836000000
100286; 0.1810000000; 18.6326100000
100291; 8.5746400000; 41.9716800000
100302; 1.4500000000; 37.1180800000
100304; 0.1470000000; 6.8982800000
100305; 4.2750000000; 7.2842000000
100317; 1.4700000000; 28.7546400000
100319; 0.1390000000; 12.3545300000
100321; 0.0950000000; 13.8636400000
100325; 27.5050000000; 91.7006800000
100330; 8.3000000000; 12.1739700000
100365; 0.2340000000; 68.2138500000
100401; 69.2304000000; 97.6014200000
100402; 40.9083000000; 47.6471100000
100403; 96.9011250000; 98.3810700000
100404; 19.6000000000; 20.2736500000
100406; 15.6125000000; 19.5070600000
100407; 19.9400000000; 26.7771900000
100409; 14.8013480000; 37.9988200000
100410; 3.9567960000; 10.7528200000
100411; 4.2250000000; 18.9237300000
100416; 2.3727500000; 64.2586800000
100417; 16.1238750000; 94.0123100000
100419; 15.8000000000; 39.0187800000
100422; 12.3000000000; 30.4164700000
100423; 2.8576860000; 17.6398500000
100424; 2.8576860000; 6.5563400000
100425; 0.5622400000; 44.5633600000
100433; 19.8475700000; 57.1174400000
100435; 0.0732740000; 8.5130900000
100437; 28.2317000000; 38.3931900000
100438; 83.6960750000; 114.8388400000
100440; 7.1125000000; 10.1643800000
100444; 3.2247750000; 8.3261200000
100445; 9.3348750000; 18.6733100000
100447; 4.3964400000; 46.4001300000
100448; 35.8040280000; 56.1187300000
100449; 10.6926750000; 32.7473500000
100450; 5.0917500000; 7.5161200000
100451; 3.3249690000; 8.0880600000
100454; 23.5917750000; 31.7539500000
100456; 3.8835220000; 5.6435700000
100457; 4.4128500000; 26.7554700000
100458; 27.5232810000; 61.2651800000
100461; 20.3697750000; 37.0889300000
100462; 24.6125920000; 60.3367600000
100463; 0.9631100000; 65.4241100000
100465; 7.3000000000; 19.7684800000
100466; 20.1655000000; 22.1981900000
100467; 112.7444840000; 127.2652900000
100471; 2.2750000000; 18.1230800000
100474; 1.1021100000; 50.2683300000
100476; 2.2981200000; 58.8319400000
100478; 1.3650000000; 56.3330300000
100480; 3.7420500000; 44.8248200000
100483; 72.0067500000; 109.4228800000
100484; 4.8192000000; 28.5068300000
100486; 0.5126150000; 1.1868700000
100488; 7.4679000000; 9.9485200000
100490; 0.1697250000; 4.5086200000
100492; 3.3945000000; 3.4574000000
100493; 4.9220250000; 4.8772600000
100495; 4.0846290000; 3.8947400000
100496; 3.3945000000; 5.2557700000
100504; 9.5632470000; 16.9641100000
100506; 6.6755000000; 27.0163100000
100507; 9.9155500000; 18.1660900000
100508; 22.1983100000; 27.7612500000
100515; 11.3491800000; 16.4015800000
100518; 117.1714500000; 140.9854100000
100520; 7.2150550000; 14.8118200000
100521; 12.0442020000; 13.0098500000
100524; 6.3640524000; 38.8354300000
100525; 2.4937980000; 76.3239700000
100526; 0.6985000000; 37.0682100000
100527; 6.7057570000; 13.7371700000
100528; 3.5521200000; 6.7143300000
100529; 0.3385590000; 7.0124200000
100531; 0.9465000000; 85.7074300000
100532; 11.7987370000; 14.5642700000
100534; 9.9620180000; 22.0520800000
100540; 35.8585202000; 53.7591500000
100541; 12.3584500000; 24.3031000000
100542; 9.4792600000; 30.9439900000
100544; 12.5626840000; 17.7655600000
100545; 8.2336510000; 12.1397600000
100551; 36.0770200000; 42.5162300000
100552; 1.2094206000; 39.2851500000
100553; 3.3986382000; 21.7946900000
100554; 4.4971644000; 18.5764800000
100555; 44.4395388000; 47.7871300000
100561; 28.9506434000; 43.1181200000
100563; 87.9034740000; 126.5774600000
100603; 15.2440000000; 38.1040000000
100610; 10.0516000000; 12.9852000000
100611; 7.5387000000; 12.7244600000
100612; 7.5387000000; 12.0620100000
100626; 5.1392000000; 6.9837800000
100627; 4.5732000000; 12.1077300000
100629; 35.8835300000; 75.5370700000
100634; 29.1800000000; 35.9516200000
100635; 6.8598000000; 8.5217100000
100636; 0.1000000000; 22.3660600000
100638; 99.5020000000; 149.2284300000
100639; 41.3084700000; 159.3240700000
100644; 11.3520000000; 14.7002000000
100645; 9.9086000000; 17.9307600000
100647; 3.0488000000; 3.9068100000
100650; 6.8598000000; 8.4643300000
100651; 29.1800000000; 37.6835100000
100653; 3.0488000000; 4.5622100000
100654; 6.8598000000; 8.5217100000
100656; 0.5770000000; 15.8963100000
100704; 21.5540140000; 22.4136200000
100706; 47.5000000000; 54.2698800000
100711; 221.3068000000; 230.7766900000
100715; 14.3955900000; 17.2030600000
100716; 14.3955900000; 17.3870100000
100719; 72.6554800000; 110.5268700000
100720; 8.2909780000; 41.6209400000
100722; 210.5241330000; 234.5605700000
100723; 45.4387200000; 129.1392800000
100724; 168.6181680000; 170.1258900000
100725; 46.2013580000; 43.8528600000
100728; 42.1246080000; 41.5532700000
100733; 110.6640000000; 110.1699900000
100735; 233.6720000000; 233.2265000000
100736; 158.6880000000; 159.8628100000
100738; 93.6351020000; 97.8508300000
100739; 164.9520000000; 171.7571900000
100742; 122.8080000000; 138.7455800000
100743; 40.9151520000; 43.5329400000
100744; 1.7047980000; 4.8913400000
100746; 355.1103140000; 377.6894100000
100747; 178.1513910000; 184.8048500000
100748; 154.8777470000; 165.1191000000
100749; 1.7047980000; 5.7485000000
100752; 92.0590920000; 103.9463600000
100753; 83.2352100000; 90.8130700000
100754; 86.0922990000; 89.5539300000
100757; 168.4248960000; 218.9043100000
100761; 11.4510000000; 10.9683800000
100762; 24.5931000000; 27.3926400000
100764; 110.4394210000; 145.7635700000
100765; 10.2287880000; 10.4117200000
100768; 26.2809600000; 27.2111000000
100770; 61.5000450000; 79.5193000000
100771; 163.0475760000; 177.9965600000
100772; 25.6695840000; 31.2948800000
100773; 16.5782730000; 20.2516300000
100775; 59.1161300000; 72.0818800000
100778; 81.1387800000; 82.0986500000
100779; 133.3683000000; 131.5780200000
100784; 64.5343980000; 89.5152500000
100786; 0.6111360000; 0.5808200000
100788; 35.7965120000; 55.8269200000
100792; 62.5876070000; 99.9950200000
100798; 143.9268000000; 150.2422500000
100801; 5.3767000000; 5.3410800000
100803; 0.2030000000; 144.5946400000
100806; 0.4000000000; 14.2451600000
100807; 4.2250000000; 13.3585700000
100809; 0.0210000000; 6.6827100000
100810; 136.8866500000; 180.1212000000
100811; 103.7750500000; 138.1696600000
100812; 1.7000000000; 3.1276000000
100817; 24.9488600000; 60.5173900000
100818; 44.2994410000; 71.7913200000
100822; 4.7314960000; 5.8699000000
100823; 9.6780600000; 12.2744000000
100824; 1.9893790000; 2.0519000000
100825; 2.1244110000; 14.1165400000
100828; 1.0753400000; 9.5080400000
100838; 3.3506800000; 18.5460600000
100840; 1.2197200000; 57.6258300000
100844; 5.9143700000; 8.9522200000
100845; 0.0389000000; 0.8727000000
100850; 2.0159200000; 20.1222100000
100851; 1.8568260000; 37.1814600000
100858; 7.2300000000; 85.3037700000
100859; 3.1184860000; 6.9510900000
100860; 15.7798160000; 18.6308300000
100861; 20.5013600000; 124.0281600000
100863; 65.7675150000; 130.4427300000
100864; 65.6280000000; 100.9727700000
100865; 24.3107300000; 47.1534000000
100866; 0.4331200000; 36.3000200000
100867; 6.1131700000; 15.0580600000
100878; 0.8500000000; 1.1954300000
100879; 0.8680000000; 2.6369600000
101003; 11.0152000000; 11.7753700000
101009; 70.6781700000; 94.5006700000
101010; 3.8000000000; 4.1890300000
101013; 145.2941760000; 160.6099600000
101046; 2.7012700000; 3.2459200000
101074; 33.9190500000; 61.8197700000
101101; 15.2784000000; 13.9762900000
101102; 1.1125960000; 6.2127500000
101103; 3.7221600000; 4.9556000000
101104; 25.8377200000; 31.5456600000
101105; 317.5635680000; 363.9705200000
101107; 1.5278400000; 1.4409300000
101109; 8.2876400000; 8.2355400000
101110; 14.9645280000; 14.3031500000
101111; 0.1420000000; 2.3780600000
101112; 12.2227200000; 15.5099700000
101113; 60.6000000000; 80.7373200000
101114; 0.3055680000; 1.6967100000
101115; 2.7501120000; 3.5012600000
101116; 61.9040000000; 66.0301500000
101118; 195.9604190000; 213.4253600000
101121; 7.0407270000; 6.5915000000
101122; 133.2686000000; 138.2497400000
101123; 24.0124000000; 25.4280300000
101125; 9.8168180000; 9.0617200000
101126; 1.4456820000; 1.3431800000
101129; 28.6847880000; 25.6257300000
101130; 0.6539990000; 0.6269400000
101132; 2.3650610000; 2.9844100000
101134; 8.8614720000; 12.0913500000
101136; 96.2011370000; 126.0501200000
101137; 81.5220320000; 81.8207200000
101138; 94.3646400000; 180.5111900000
101139; 196.9096240000; 195.8467800000
101141; 43.4101630000; 221.2845300000
101143; 48.7190140000; 91.4595600000
101144; 5.1834220000; 7.7777200000
101146; 189.7271680000; 196.4318400000
101151; 11.0390080000; 35.4872600000
101156; 0.3381000000; 1.9623300000
101157; 0.1116900000; 1.4188000000
101158; 4.8134530000; 7.6460000000
101159; 61.5000000000; 80.4174500000
101160; 5.4000000000; 5.4138600000
101161; 207.5065770000; 270.2579300000
101162; 7.8183000000; 8.6943500000
101164; 4.7438070000; 5.4117800000
101165; 2.9488530000; 4.2166100000
101166; 1.0052100000; 1.5413400000
101168; 105.2368000000; 110.6961200000
101171; 156.0939510000; 175.9977500000
101173; 134.7950700000; 142.8832400000
101175; 117.7821000000; 117.8721500000
101177; 68.0518800000; 86.6230300000
101178; 2.1607040000; 9.9935000000
101180; 9.7781760000; 10.7417200000
101182; 0.3055680000; 0.3024200000
101183; 0.1390000000; 0.4652100000
101185; 14.4700000000; 17.3098400000
101188; 42.9882850000; 109.0396100000
101192; 2.1389760000; 2.3290400000
101193; 0.1570000000; 10.5358100000
101194; 17.1118080000; 16.4871300000
101195; 36.8805200000; 38.8443100000
101196; 115.8058800000; 120.1379900000
101197; 27.8066880000; 25.9871400000
101198; 3.3612480000; 3.2224900000
101199; 12.2227200000; 15.2130600000
101448; 37.8307500000; 47.8258600000
101458; 37.8307500000; 47.8258600000
101462; 0.7221500000; 68.1897600000
102120; 0.5760000000; 53.9700200000
102124; 2.2960000000; 10.6023700000
102125; 10.3000000000; 12.7736100000
102142; 111.1728000000; 120.9244400000
102144; 5.0657720000; 13.4243200000
102145; 62.8732860000; 70.1022200000
102148; 39.5048000000; 39.0188700000
102175; 68.0518800000; 68.4317100000
102176; 64.1258100000; 64.2223900000
102177; 107.3125800000; 108.6921300000
102184; 8.5000000000; 0.1215100000
102194; 0.1250000000; 12.0932400000
102702; 202.7356000000; 229.3870100000
102706; 0.1000000000; 19.2753000000
102707; 76.5570390000; 80.5351000000
102712; 5.6412840000; 6.5217200000
102728; 62.8171200000; 62.5311900000
102729; 97.1394460000; 95.5109400000
102744; 122.5739940000; 128.1295800000
102752; 82.6860580000; 91.1942800000
102763; 39.5292600000; 42.4794800000
102767; 101.4279470000; 109.9623100000
102771; 31.2418400000; 32.3084800000
102780; 74.3027590000; 90.2996900000
102784; 102.7183190000; 127.3738600000
102787; 208.5240000000; 208.7702800000
102792; 65.0996000000; 80.4972700000
102798; 42.0907680000; 44.1848700000
103104; 0.5625320000; 2.0834100000
103110; 14.7200000000; 14.7128200000
103139; 0.1000000000; 27.9012900000
103148; 0.2812660000; 2.6881700000
103158; 0.3198270000; 45.5801000000
205105; 10.4013310000; 59.4640000000
205107; 0.2140560000; 14.2200000000
205110; 64.7078520000; 260.7760000000
205111; 128.3563850000; 331.1370000000
205112; 0.2233000000; 37.0530000000
205114; 100.2797200000; 159.3200000000
205116; 55.7300000000; 103.7270000000
205120; 23.7080000000; 60.4830000000
205121; 25.0979010000; 16.0900000000
205122; 21.9760130000; 54.0620000000
205123; 34.9662800000; 106.0360000000
205124; 1.7024800000; 64.7430000000
205126; 16.6645100000; 51.2780000000
205128; 28.9448020000; 59.3770000000
205129; 51.9935280000; 92.1270000000
205132; 26.7299820000; 39.1380000000
205136; 12.2978940000; 17.0400000000
205138; 70.3635130000; 136.3180000000
205139; 3.2964880000; 9.6300000000
205141; 28.2805200000; 69.0920000000
205146; 26.4722750000; 8.4210000000
205147; 3.9957120000; 5.5650000000
205153; 0.0630000000; 14.5010000000
205157; 9.9009750000; 74.5350000000
205158; 43.5175510000; 78.6220000000
205159; 6.3815000000; 87.0170000000
205171; 11.5966720000; 37.0530000000
205172; 12.5000000000; 57.1350000000
205177; 4.7322210000; 29.9410000000
205180; 26.0634830000; 51.0490000000
205181; 15.2954370000; 16.0360000000
205188; 0.0666510000; 10.2720000000
205192; 9.8388560000; 34.4320000000
205194; 26.9427040000; 50.1760000000
205195; 3.0654080000; 49.2230000000
205198; 14.9210000000; 14.4270000000
205199; 18.7380000000; 14.4270000000
205206; 0.2760000000; 29.8520000000
205207; 3.2772770000; 28.9110000000
205208; 0.5114960000; 32.5400000000
205209; 1.2738380000; 24.3070000000
205211; 148.7099800000; 247.7080000000
205212; 6.1670950000; 5.0670000000
205213; 9.7312190000; 44.4870000000
205214; 12.5063520000; 31.5260000000
205217; 19.1002280000; 26.2140000000
205218; 66.4999500000; 69.2110000000
205219; 16.8479200000; 31.2240000000
205220; 19.1952600000; 84.2500000000
205224; 1.9142150000; 19.1820000000
205225; 2.9153540000; 5.4730000000
205231; 49.7850340000; 60.7580000000
205234; 27.1902170000; 125.4370000000
205235; 12.6219670000; 44.0770000000
205238; 1.9061930000; 0.2730000000
205239; 1.9061930000; 4.6580000000
205241; 19.0324140000; 23.3670000000
205242; 1.8530620000; 27.3430000000
205243; 10.3400330000; 10.7150000000
205245; 5.5199570000; 14.7010000000
205247; 14.6026020000; 27.9500000000
205270; 0.0310200000; 3.7630000000
205280; 4.4851600000; 0.5440000000
205290; 16.7352900000; 35.1900000000
205291; 21.4786740000; 19.6400000000
205293; 3.6686000000; 4.1630000000
205294; 3.6907000000; 4.1630000000
205295; 3.6907000000; 4.1530000000
205303; 11.7520000000; 46.9390000000
205305; 7.0395000000; 63.4930000000
205306; 1.7855000000; 14.8480000000
205307; 6.1060000000; 0.2740000000
205312; 17.2638800000; 51.3670000000
205313; 0.2751200000; 27.8280000000
205314; 5.9443140000; 23.2320000000
205315; 4.4646180000; 17.3610000000
205317; 43.0250000000; 36.4330000000
205318; 31.5030000000; 84.5290000000
205319; 2.6500000000; 3.2180000000
205329; 0.3705000000; 14.1850000000
205339; 1.5106830000; 2.7470000000
205340; 2.0567130000; 5.0770000000
205343; 2.1229420000; 12.3970000000
205347; 2.4753360000; 3.9850000000
205348; 17.9574620000; 24.0840000000
205352; 2.4520000000; 41.2800000000
205353; 0.1000000000; 16.5530000000
205360; 2.2169600000; 2.7120000000
205361; 1.3234320000; 3.1840000000
205362; 1.5800400000; 5.4250000000
205383; 0.2470000000; 0.4120000000
205396; 0.2470000000; 4.4320000000
205402; 12.5017800000; 82.4050000000
205403; 1.6934000000; 6.0310000000
205405; 28.1940600000; 54.3380000000
205406; 3.7254800000; 12.3590000000
205407; 12.9982800000; 36.7830000000
205408; 4.9000000000; 12.4550000000
205409; 0.0930000000; 42.4300000000
205410; 19.1189400000; 58.5050000000
205411; 1.6934000000; 13.4210000000
205412; 4.4028400000; 31.3410000000
205413; 4.7415200000; 3.4300000000
205418; 11.6884800000; 36.5540000000
205424; 0.6773600000; 7.0360000000
205426; 1.4351400000; 1.7050000000
205427; 1.9818600000; 0.9930000000
205450; 3.0653200000; 17.3290000000
205455; 3.9927400000; 49.6450000000
205465; 2.0054000000; 10.3250000000
205503; 2.2925630000; 35.6520000000
205505; 5.9000000000; 32.8070000000
205509; 0.0663730000; 103.0160000000
205514; 128.9520830000; 178.2110000000
205515; 0.8628490000; 65.8910000000
205516; 3.2522770000; 84.4420000000
205518; 6.9334770000; 83.8300000000
205519; 34.3899220000; 43.7140000000
205523; 6.2692820000; 73.1210000000
205524; 472.7883600000; 590.8330000000
205526; 6.5392200000; 38.3990000000
205529; 20.3442400000; 127.4690000000
205530; 0.6140000000; 78.3440000000
205531; 120.2576100000; 150.2820000000
205532; 112.3500000000; 50.7640000000
205534; 21.2519300000; 54.0650000000
205536; 0.2210000000; 73.5220000000
205537; 96.0575340000; 229.5680000000
205538; 10.4108720000; 154.6450000000
205540; 0.0302200000; 0.1520000000
205541; 19.8855000000; 22.6660000000
205542; 6.2040000000; 77.3080000000
205549; 0.2840000000; 110.4610000000
205559; 21.0125060000; 99.7730000000
205561; 1.0951000000; 4.3110000000
205562; 1.9572000000; 1.5890000000
205571; 0.1510000000; 33.8480000000
205572; 0.8325000000; 33.3340000000
205573; 18.6750000000; 106.4840000000
205586; 0.1575000000; 0.0000000000
205590; 4.0978820000; 39.7860000000
205602; 25.6650000000; 159.7710000000
205603; 63.1688800000; 70.4430000000
205604; 11.5950000000; 16.5260000000
205606; 13.4456000000; 46.9140000000
205608; 13.4456000000; 14.3910000000
205609; 0.1000000000; 14.8090000000
205622; 0.3281200000; 11.0440000000
205627; 6.7228000000; 32.0320000000
205631; 59.9000000000; 55.1200000000
205647; 16.4662000000; 15.7660000000
205698; 0.5678000000; 7.3070000000
205702; 9.3355000000; 38.7510000000
205703; 1.4075000000; 7.5660000000
205704; 7.2365000000; 25.3970000000
205705; 7.3190000000; 22.7680000000
205706; 0.5090000000; 9.3060000000
205709; 12.7250000000; 40.0750000000
205710; 27.7615000000; 38.4330000000
205711; 40.4000000000; 38.9190000000
205715; 0.5630000000; 16.3120000000
205740; 1.9705000000; 2.5020000000
205741; 0.5630000000; 3.5030000000
205760; 11.6025000000; 28.6360000000
205761; 17.9400000000; 30.7200000000
205808; 9.1989400000; 22.1490000000
205811; 7.7203600000; 97.1180000000
205813; 0.1760000000; 80.3500000000
205818; 9.6500000000; 50.8440000000
205826; 49.5000000000; 2.6280000000
205880; 8.7017000000; 0.1380000000
251001; 134.4000000000; 27.5080000000
251002; 100.8000000000; 56.6700000000
251003; 28.0000000000; 1.6350000000
251006; 37.2060000000; 58.1028800000
251008; 10.6680000000; 12.3372000000
251009; 0.0516000000; 1.3281800000
251010; 0.1000000000; 12.4630800000
251011; 1.0920000000; 16.6399000000
251013; 7.8867000000; 10.3261000000
251014; 0.2665000000; 14.5237400000
251018; 1.0080000000; 3.9815600000
251019; 6.2479000000; 11.2340200000
251020; 0.2900000000; 9.0157600000
251021; 2.6289000000; 5.8866100000
251023; 19.0570000000; 33.0627400000
251024; 4.0480000000; 12.4611000000
251026; 18.7680000000; 50.1536300000
251027; 4.0480000000; 25.5248300000
251031; 0.0915000000; 8.7758900000
251032; 0.2900000000; 7.1910000000
251046; 0.3790000000; 21.6314800000
251050; 0.9540000000; 0.2180600000
251057; 1.6510000000; 1.9625300000
251058; 7.6469500000; 13.9131700000
251059; 0.1236900000; 17.8313000000
251060; 1.7718000000; 13.5702200000
251061; 1.6290000000; 1.4273000000
251062; 1.7526000000; 2.2360000000
251063; 1.0430000000; 6.2710000000
251065; 7.5018000000; 20.4460000000
251068; 5.6855100000; 7.2544300000
251069; 1.7526000000; 8.8710500000
251071; 8.1269500000; 11.1250000000
251072; 7.6018000000; 13.6520000000
251074; 2.5278400000; 3.8200000000
251075; 3.3921600000; 7.2330000000
251088; 4.3760500000; 12.4640000000
251095; 1.5171300000; 25.8905700000
251096; 3.5052000000; 4.4959900000
251097; 2.6289000000; 2.4561400000
251098; 1.7526000000; 12.0844500000
251099; 1.7526000000; 1.2478900000
251100; 0.8763000000; 9.1178500000
251105; 0.5610000000; 1.2720000000
251106; 0.6000000000; 16.2440000000
251107; 1.9230000000; 2.7720000000
251110; 32.9750000000; 39.0360000000
251112; 16.6497000000; 16.3860000000
251113; 0.2890000000; 16.1610000000
251114; 11.0000000000; 10.9500000000
251120; 20.4470000000; 21.0179400000
251121; 37.4650000000; 1.4857800000
251122; 28.9560000000; 8.0394500000
251123; 8.1280000000; 8.6985800000
251230; 10.1010000000; 7.4328500000
251244; 4.3760500000; 3.5276000000
251246; 9.3772500000; 1.4170000000
251248; 1.5650000000; 7.8600000000
251258; 1.7258700000; 33.9072200000
251260; 2.6289000000; 8.1930000000
251261; 57.2400000000; 18.4180800000
251262; 0.4153600000; 19.5718100000
251263; 13.9000000000; 49.4360200000
251264; 17.8242000000; 33.8576600000
251265; 11.3919000000; 15.2450000000
251266; 3.0594000000; 41.1249800000
251268; 2.0100000000; 32.5939100000
251269; 9.9360000000; 8.7213800000
251271; 2.6289000000; 5.7646900000
251273; 95.3355000000; 110.5451400000
251274; 18.4023000000; 46.1510000000
251281; 38.5600000000; 31.3860000000
251285; 16.8000000000; 26.2260000000
251290; 1.2364800000; 35.3880400000
251292; 1.2910000000; 8.0830000000
251293; 59.8320900000; 89.0643200000
251294; 2.9040000000; 33.7952200000
251297; 2.1975200000; 30.2765400000
251299; 81.9400000000; 101.8460000000
251300; 6.9800000000; 3.6257300000
300003; 10.3728240000; 13.7995600000
300005; 2.6762784000; 22.1851700000
300006; 1.6000000000; 14.7949200000
300008; 9.2264100000; 18.2127000000
300009; 8.8645900000; 25.4834700000
300010; 5.6758656000; 15.9424800000
300013; 3.1612416000; 25.0175600000
300015; 4.1067248000; 50.3808300000
300016; 15.3000000000; 20.2845400000
300019; 0.2309300000; 14.8539700000
300020; 0.6928900000; 66.3182500000
300022; 5.5755472000; 40.4028500000
300024; 16.3326912000; 44.1491700000
300026; 58.0000000000; 85.3027700000
300027; 2.7032208000; 8.2306700000
300028; 5.2088640000; 17.4790700000
300029; 2.5000000000; 7.9895400000
300032; 5.2500000000; 5.3062000000
300033; 17.0790000000; 45.3141800000
300034; 7.4874800000; 15.6184900000
300036; 0.8520000000; 9.6141100000
300039; 8.0337880000; 27.1922700000
300043; 20.7826592000; 63.0950800000
300045; 0.1570000000; 40.2442500000
300050; 10.3012248000; 35.9438100000
300052; 2.4248160000; 13.4485900000
300054; 0.0628656000; 11.5464800000
300058; 2.2259200000; 63.1728600000
300062; 3.2089200000; 9.0577800000
300063; 1.7000000000; 13.0672500000
300064; 1.6434864000; 20.3103200000
300066; 0.1000000000; 8.4428200000
300073; 0.5985000000; 10.8012100000
300075; 3.4200000000; 8.9871200000
300077; 4.7785000000; 17.3232500000
300082; 3.4414800000; 3.7971100000
300094; 6.6805200000; 10.8871100000
300098; 11.0553648000; 17.6115100000
300101; 9.1310900000; 17.1898600000
300102; 2.1090000000; 5.9592100000
300107; 0.1190000000; 8.0135000000
300108; 1.5910000000; 2.4456800000
300121; 10.6964000000; 12.7638200000
300123; 4.9753632000; 7.4762300000
300124; 0.1120000000; 39.1107900000
300126; 0.9898600000; 50.9971800000
300127; 0.6927900000; 46.9872000000
300128; 5.2000000000; 9.3221200000
300131; 0.8944240000; 15.0776300000
300135; 19.9584704000; 47.4100900000
300205; 6.6066000000; 17.8551600000
300206; 8.1459091000; 22.4496100000
300208; 12.1335489000; 38.1618300000
300209; 7.9315626000; 17.3700100000
300210; 0.1512350000; 8.5260800000
300212; 17.8514128000; 54.9262900000
300214; 13.6951327000; 32.4712100000
300216; 23.0607617000; 60.6102100000
300218; 81.6545500000; 102.1187700000
300220; 102.0743519000; 212.2648500000
300221; 4.7236000000; 13.0119700000
300223; 39.4264578000; 81.8823100000
300224; 24.7500000000; 24.6181100000
300225; 16.5000000000; 22.4736600000
300226; 141.9875000000; 254.4515400000
300228; 3.4305906000; 10.2252600000
300229; 0.2500000000; 0.6154700000
300232; 2.7850000000; 10.2338300000
300236; 40.6003590000; 69.3806000000
300238; 15.6568365000; 20.4969800000
300240; 29.6123032000; 38.3911300000
300244; 1.7971700000; 9.6360500000
300245; 30.2308500000; 34.2267600000
300246; 0.2500000000; 2.1154800000
300248; 0.1512350000; 4.6510600000
300249; 1.7164800000; 5.6726300000
300251; 1.1715515000; 10.0802000000
300255; 0.6127000000; 12.1060600000
300257; 13.4762212000; 17.5558000000
300259; 1.9357740000; 4.9696100000
300264; 12.9234000000; 26.5651300000
300265; 1.7959681000; 2.2680900000
300266; 20.4097500000; 32.8111900000
300268; 2.7424340000; 5.2343900000
300269; 0.1199450000; 18.5365400000
300272; 2.7740320000; 11.6588500000
300274; 10.7566364000; 33.1694900000
300275; 3.4475000000; 24.0708500000
300276; 1.5355000000; 5.5054700000
300277; 12.3810000000; 37.9417500000
300278; 12.6814000000; 21.7951000000
300279; 32.1040000000; 61.6396000000
300280; 1.2723705000; 3.0427800000
300281; 0.4443600000; 13.9762400000
300284; 42.3678000000; 87.3786300000
300285; 16.2525000000; 47.2592000000
300286; 22.8281000000; 39.3881100000
300287; 6.5257000000; 22.1304200000
300288; 3.4511750000; 11.0225200000
300289; 1.5163563000; 2.5734100000
300290; 1.4948477000; 3.1802300000
300292; 0.5900400000; 8.5893200000
300296; 7.4178000000; 34.7289100000
300298; 4.1834227000; 24.8279000000
300299; 10.4328000000; 15.0342700000
300301; 0.6822704000; 9.2189600000
300302; 6.1300000000; 15.1335700000
300303; 13.5422766000; 17.9003300000
300304; 0.5505500000; 10.3838000000
300305; 17.0319766000; 23.3656800000
300306; 1.3391500000; 9.0404900000
300307; 8.4736068000; 21.5107500000
300308; 9.9368477000; 27.8037300000
300309; 9.6430000000; 53.4291300000
300311; 0.1020000000; 5.1404900000
300316; 13.5835000000; 27.0055200000
300317; 24.4503000000; 43.7932500000
300318; 13.9735000000; 24.3626400000
300321; 116.0000000000; 170.1573800000
300323; 5.0000000000; 5.9119000000
300347; 5.0000000000; 5.3285700000
300350; 13.2945700000; 21.9813800000
300351; 1.0796700000; 5.3877600000
300354; 0.9314800000; 5.7128100000
300357; 0.5807322000; 0.9492100000
300358; 0.2473489000; 1.1257500000
300359; 0.1935774000; 0.2469600000
300366; 0.1210000000; 2.5874800000
300367; 0.6237494000; 0.7355700000
300371; 1.3496000000; 7.0986700000
300374; 0.4048800000; 1.2379300000
300375; 0.6748000000; 1.0909900000
300376; 0.5398400000; 0.5811300000
300384; 0.1075430000; 10.0492800000
300385; 0.7312924000; 2.4098200000
300386; 0.4370000000; 15.8147400000
300387; 1.1200000000; 4.8604800000
300392; 1.9787912000; 3.7976300000
300393; 6.7347957000; 6.8473900000
300394; 1.3765504000; 3.7052400000
300395; 0.3548919000; 1.7999900000
300396; 0.7958182000; 1.7976900000
300397; 0.2186600000; 6.6303600000
300411; 0.1100000000; 0.1437300000
300412; 0.3200000000; 0.3514200000
300414; 0.5000000000; 0.5741000000
300415; 0.3216000000; 0.3523500000
300417; 1.1690000000; 1.1910700000
300418; 0.0950000000; 0.9329100000
300419; 0.4000000000; 0.6538700000
300420; 0.4050000000; 1.3191000000
300421; 5.1700000000; 9.1586900000
300423; 2.6800000000; 9.0754300000
300425; 7.2691500000; 15.0256700000
300426; 0.3536000000; 0.4835800000
300430; 0.1715700000; 1.3561400000
300432; 1.5892800000; 3.1325800000
300437; 59.9384630000; 79.1804800000
300444; 12.7310000000; 25.7518500000
300446; 11.8820000000; 21.8763400000
300451; 1.5400000000; 5.9409800000
300452; 5.3370900000; 11.6765200000
300453; 0.5870000000; 16.6624800000
300454; 15.2905500000; 25.1375300000
300457; 14.7412390000; 19.6194500000
300458; 0.5215280000; 4.2917600000
300461; 0.9000300000; 4.1572100000
300463; 9.1733400000; 13.3631200000
300468; 0.4001400000; 1.0574200000
300469; 0.3798600000; 1.2588600000
300471; 4.3200000000; 10.5172900000
300472; 0.5869100000; 0.5619700000
300473; 4.9500000000; 11.4922600000
300476; 4.4778500000; 6.1423000000
300477; 1.9404000000; 3.8935900000
300478; 0.0196000000; 0.3759100000
300481; 0.2421380000; 8.2221200000
300490; 5.0400000000; 8.0878500000
300491; 11.4476740000; 24.8384900000
300493; 2.0536170000; 25.1418600000
300496; 24.7108440000; 33.4612600000
300500; 2.5284000000; 5.1101200000
300502; 0.2530000000; 0.6331200000
300504; 11.9767960000; 15.5548000000
300505; 0.6705360000; 2.0020100000
300507; 3.2430210000; 6.5903400000
300508; 4.1100000000; 9.4115900000
300509; 1.8952500000; 6.2937000000
300519; 2.1070000000; 4.1914300000
300527; 2.7202000000; 6.2729800000
300528; 0.1880000000; 12.0246200000
300539; 8.2400000000; 17.3142600000
300540; 2.0900000000; 5.9017700000
300543; 1.8212000000; 5.5059800000
300544; 1.8145270000; 4.0801800000
300550; 0.7900000000; 2.1822800000
300557; 2.2261370000; 6.0030500000
300564; 5.2569900000; 10.4262200000
300565; 4.7600000000; 7.2072900000
300570; 10.5488400000; 16.0050500000
300575; 1.2784000000; 2.6932300000
300576; 3.8624000000; 4.9798700000
300577; 0.9966600000; 3.9603800000
300578; 2.4400000000; 14.1903900000
300579; 8.3881700000; 11.1765500000
300605; 0.2600000000; 0.3905700000
300606; 0.1400000000; 1.1629700000
300620; 0.2000000000; 0.2619200000
300654; 0.5780000000; 1.6891900000
300661; 0.8700000000; 9.0867100000
300664; 0.9626800000; 7.2265000000
300667; 1.3853200000; 35.3938500000
300708; 0.1350000000; 0.2311900000
300719; 0.2500000000; 10.7942900000
300721; 0.2000000000; 0.4098600000
300722; 0.2000000000; 2.1623700000
300744; 0.2960000000; 12.5526300000
300803; 13.2264000000; 24.2784200000
300804; 11.7568000000; 21.2807900000
300810; 0.8460000000; 2.8642600000
300814; 0.1336000000; 1.6619900000
300818; 7.8156000000; 11.9911700000
300827; 0.4676000000; 6.1226500000
300851; 7.9250000000; 12.5606400000
300852; 4.6200000000; 8.4546000000
300861; 8.8000000000; 15.1388100000
300903; 0.5000000000; 24.4830500000
300904; 5.7925000000; 36.9829400000
300906; 8.8750000000; 35.8565300000
300908; 4.1025200000; 11.9720900000
300910; 0.8979600000; 28.8053800000
300913; 1.6000000000; 1.7265800000
300923; 1.9000000000; 32.5947600000
300932; 0.7200200000; 0.7783100000
300933; 0.3000000000; 7.4041000000
300954; 1.2000000000; 1.3265800000
300957; 0.2000000000; 1.8549900000
301210; 13.6186500000; 26.9638100000
301212; 14.0086500000; 40.2489700000
301214; 6.0816000000; 9.5821100000
320101; 31.1035000000; 62.4913600000
320102; 0.5035000000; 13.4179000000
320111; 4.9000000000; 19.9442500000
320121; 0.5260000000; 8.6568900000
320130; 0.3340000000; 9.3785500000
320131; 0.4650000000; 5.0810000000
320411; 0.7060000000; 4.1953100000
320454; 1.4070400000; 6.6615200000
320455; 1.4070400000; 5.7560900000
320581; 3.2350500000; 12.2571200000
320582; 2.6599300000; 8.8704100000
320584; 0.6380000000; 7.7007800000
320591; 1.9910000000; 31.4879700000
320594; 0.7189000000; 5.1256000000
320596; 1.5829200000; 2.8069000000
320741; 0.5751200000; 1.9896300000
330003; 4.5360000000; 21.5640800000
330004; 0.2990000000; 11.1638800000
330009; 3.5835000000; 26.0787300000
330010; 0.3010000000; 20.5001400000
330011; 0.1186000000; 12.5636000000
330014; 3.1442320000; 8.6285100000
330015; 2.2200000000; 2.6254500000
330016; 0.2650000000; 20.3435100000
330017; 1.6425000000; 2.9808700000
330018; 1.4934200000; 2.0969500000
330019; 0.3020800000; 4.1753600000
330020; 0.2008700000; 27.1263200000
330022; 0.2220000000; 9.0557900000
330023; 0.1079500000; 6.7573100000
330024; 22.3200000000; 34.7562500000
330025; 12.4000000000; 31.3353900000
330026; 0.2400000000; 4.9753100000
330029; 7.6492300000; 16.7857100000
330033; 10.5287760000; 16.8089800000
330036; 12.9600000000; 26.4623900000
330039; 23.1800000000; 50.1781900000
330047; 2.9089000000; 3.4616900000
330048; 3.1997900000; 15.5602100000
330049; 8.9835200000; 10.8069400000
330051; 0.1000000000; 0.9539900000
330052; 6.3120000000; 23.6676800000
330055; 0.2908900000; 0.4138200000
330077; 0.1230000000; 5.3273900000
330080; 11.9635050000; 19.2292200000
330081; 8.3290000000; 16.8354900000
330082; 7.2020000000; 55.5372900000
330085; 4.5835000000; 33.1040400000
330086; 24.0467400000; 28.7785700000
330090; 10.5556360000; 19.4875800000
330091; 62.0000000000; 108.2161700000
330092; 27.2800000000; 44.0309900000
330904; 0.1684410000; 7.4225500000
330911; 1.7033280000; 26.3054500000
330914; 0.2908900000; 2.4432700000
330918; 0.3953800000; 17.9288400000
330919; 8.8450000000; 12.4723900000
330922; 44.8024600000; 79.9921100000
330926; 0.0600000000; 3.3524300000
330928; 0.2908900000; 0.4138200000
330930; 0.1517300000; 35.8416800000
330936; 2.9089000000; 79.7812500000
330942; 7.5179410000; 26.2039700000
330947; 6.9813600000; 9.4396200000
330948; 69.1161490000; 106.2064500000
330950; 9.0534050000; 27.9696600000
330965; 3.9864370000; 13.2700600000
330967; 1.4210500000; 21.0196900000
401001; 1.0000000000; 0.9283400000
401002; 0.6670000000; 1.9416300000
401003; 116.0191800000; 111.6737400000
401004; 71.5000000000; 66.1292700000
401005; 1.3480000000; 1.9622500000
401006; 1.2020000000; 2.8885900000
401007; 0.8400000000; 2.9784600000
401008; 18.5000000000; 18.4788900000
401009; 0.7590000000; 3.9927900000
401010; 1.2200000000; 3.8341900000
401011; 1.7320000000; 2.8468700000
401012; 2.0000000000; 1.8523500000
401013; 1.8480000000; 2.7961600000
401015; 2.0000000000; 1.7990800000
401016; 1.9610000000; 1.8486100000
401018; 1.0000000000; 0.9778400000
401019; 0.4770000000; 0.9851500000
401020; 2.0837000000; 2.1195300000
401021; 57.2000000000; 54.6903500000
401022; 44.2746000000; 42.6846000000
401028; 13.3400000000; 13.3014300000
401033; 21.7404000000; 21.2826300000
401040; 41.8500000000; 43.3388500000
401044; 0.9882000000; 6.4055800000
401050; 11.8080000000; 13.4794800000
401055; 1.5050800000; 23.2979900000
401101; 5.9401000000; 5.6869500000
401114; 2.2080000000; 2.6687900000
401410; 9.2178000000; 13.9088100000
401411; 13.0410000000; 13.1173800000
401415; 0.8000000000; 0.7310900000
401420; 1.9363000000; 2.0175000000
401425; 9.4304100000; 11.1025800000
401430; 13.4288384000; 12.5716400000
401431; 13.1842176000; 14.1221700000
401432; 7.2730000000; 13.7062300000
401452; 9.2695900000; 10.3774500000
401486; 0.3726000000; 0.3731700000
401487; 44.8416000000; 45.4665400000
401501; 12.2570000000; 12.1015500000
401503; 0.5233400000; 1.6162800000
401506; 2.4000000000; 22.2465100000
401510; 2.5920000000; 3.1234700000
401520; 62.9800000000; 61.1060900000
401521; 7.8916800000; 11.4714400000
401524; 0.1920000000; 0.9927000000
401540; 5.5800000000; 5.6457700000
401586; 9.5904000000; 9.9976100000
401587; 5.7834000000; 7.0241400000
401602; 0.6821692000; 1.8037100000
401607; 1.4134000000; 1.6107800000
401609; 0.9282600000; 1.0774300000
401610; 3.2393600000; 3.0350900000
401612; 7.9144000000; 7.6816400000
401613; 0.2788600000; 0.2604700000
401615; 4.2122600000; 4.2641200000
401616; 0.4507600000; 0.4362300000
401617; 0.4193200000; 7.2317600000
401619; 25.2358200000; 30.2611500000
401624; 4.7329800000; 4.4381800000
401625; 2.2418308000; 2.0962100000
401630; 13.0956480000; 12.2666800000
401637; 2.4672960000; 2.3370500000
401639; 28.0182000000; 27.1177100000
401648; 4.5037800000; 4.1717900000
401658; 0.3972800000; 0.9821000000
401660; 0.0916800000; 0.0859600000
401684; 5.9630200000; 5.8903500000
401685; 0.7525400000; 0.7537300000
401686; 0.4354800000; 0.5800100000
401738; 36.7476800000; 35.5129900000
401742; 45.5700000000; 44.9241400000
401743; 16.1057000000; 15.6670600000
401774; 96.9963400000; 95.9059000000
401776; 8.1005000000; 24.4119400000
401777; 7.8000000000; 10.3022300000
401933; 6.9000000000; 6.9286000000
402013; 0.3500000000; 6.6239600000
402014; 0.3500000000; 0.6011100000
402022; 0.9000000000; 0.8999800000
402023; 0.5200000000; 0.5941200000
402024; 0.7000000000; 0.6999900000
402025; 0.3800000000; 0.3800000000
402026; 0.3000000000; 0.2999900000
402029; 0.4000000000; 0.3806000000
402031; 7.3349000000; 6.9192600000
402032; 2.8624000000; 2.8443900000
402033; 2.8624000000; 2.8443900000
402035; 28.2662000000; 26.5343700000
402036; 28.2662000000; 26.5343700000
402037; 37.7479000000; 41.8829100000
402038; 38.8213000000; 42.3409600000
402039; 12.7019000000; 17.1315100000
402040; 12.5230000000; 17.0551600000
402042; 7.5138000000; 7.0981600000
402070; 0.4000000000; 0.3598200000
402071; 1.0000000000; 0.8697600000
402095; 4.3175600000; 4.3175200000
402096; 2.6252200000; 3.2364500000
402101; 0.2033200000; 0.2855100000
402118; 22.0000000000; 22.0516300000
402148; 0.0260000000; 22.9460400000
402150; 2.4697400000; 2.9668300000
402153; 4.2757000000; 3.8690300000
402156; 1.5428400000; 3.0652200000
402159; 5.6271800000; 6.1377400000
402167; 4.7600800000; 6.9308700000
402169; 6.1055800000; 6.1055200000
402170; 4.9933000000; 4.9932500000
402222; 4.9753600000; 4.7541100000
402226; 3.3467600000; 3.5486200000
402236; 3.3607600000; 3.3527200000
402239; 8.0789800000; 7.8705200000
402241; 2.9003000000; 2.7327200000
402501; 3.5640800000; 3.5702800000
402504; 8.1835740000; 10.5056300000
402505; 10.9619580000; 11.6008700000
402506; 2.2774640000; 2.3876200000
402507; 12.2031280000; 13.6035000000
402508; 9.4075440000; 10.3499300000
402509; 16.8940240000; 19.6817700000
402510; 0.5098800000; 5.5328600000
402512; 3.2377380000; 3.3891800000
402513; 3.3397140000; 3.6587100000
402514; 3.9175780000; 4.1005400000
402515; 0.4164020000; 0.8628600000
402529; 0.8430000000; 1.3012800000
402562; 0.6968360000; 1.9529000000
402568; 0.5353740000; 5.4015000000
402569; 5.6256760000; 7.5506100000
402600; 0.4249000000; 2.8072600000
402601; 1.3766760000; 3.9971100000
402602; 1.4701540000; 2.3624400000
402603; 0.4758880000; 0.5788500000
402604; 4.2002380000; 8.6543700000
402605; 2.0694940000; 2.4991400000
402617; 0.2250000000; 0.5266800000
403001; 1.8850930000; 20.0947700000
403002; 9.3214674000; 79.5120300000
403003; 4.6532200000; 11.1762200000
403004; 14.0888238000; 93.4803500000
403005; 20.9971190000; 28.4099600000
403006; 22.2880000000; 31.8238000000
403007; 14.5090000000; 23.3707100000
403010; 3.7000000000; 7.2640600000
403011; 0.8104092000; 33.2908900000
403014; 17.2490744000; 58.3690500000
403015; 0.6770252000; 62.9931000000
403016; 15.2088312000; 142.4703100000
403017; 9.1750702000; 32.6761800000
403019; 14.8460062000; 20.7746100000
403020; 3.5585624000; 105.8032600000
403026; 8.4834260000; 17.0556900000
403027; 0.1090400000; 6.8973700000
403028; 8.9033500000; 62.1196700000
403029; 3.1038774000; 59.2393400000
403032; 2.9130000000; 4.7249800000
403034; 1.2396758000; 6.3864000000
403035; 26.0210500000; 31.9677900000
403037; 0.7429200000; 26.9916400000
403039; 16.3922400000; 25.1457900000
403041; 4.0400502000; 33.6108400000
403042; 17.9281180000; 29.4607400000
403043; 14.6077600000; 36.0032400000
403046; 0.3805200000; 30.5455400000
403048; 2.9985900000; 2.9275100000
403054; 0.3003100000; 8.7383300000
403056; 1.2244120000; 10.2310700000
403057; 0.9784800000; 16.7661500000
403058; 8.0844960000; 7.4687600000
403089; 0.0360372000; 20.6952100000
403092; 2.9308240000; 6.9563400000
403103; 2.8911200000; 14.8758000000
403104; 0.1540558000; 14.0502200000
403106; 1.7083500000; 13.4703500000
403112; 3.9310400000; 18.2916000000
403120; 0.1000000000; 43.9274900000
403123; 0.0176340000; 10.7451700000
403124; 5.5453042000; 30.8385100000
403127; 0.0181200000; 21.5135800000
403140; 0.2630000000; 8.2792500000
403142; 9.7390580000; 18.8047300000
403143; 9.7406100000; 17.5043700000
403148; 8.5674000000; 8.3379200000
403154; 0.5465642000; 22.3013800000
403155; 0.6874100000; 16.8059900000
403156; 0.1921984000; 21.1653600000
403158; 3.1710000000; 43.4766200000
403159; 22.1394040000; 23.8053500000
403174; 0.3964092000; 28.0808000000
403187; 6.8888000000; 6.7084700000
403189; 6.3380000000; 5.9214900000
403193; 0.0769520000; 15.3061400000
403195; 0.4238600000; 14.3602200000
403196; 4.9830000000; 10.6982400000
403199; 2.7731800000; 6.8508500000
403205; 2.3556000000; 7.3211100000
403206; 2.2468800000; 9.2045800000
403208; 2.6636400000; 10.5287000000
403210; 0.0780806000; 1.4934700000
403214; 12.9600000000; 12.2635700000
403225; 6.3039820000; 10.3985200000
403229; 4.1800000000; 5.2270500000
403237; 2.8423850000; 94.0373300000
403238; 6.3125162000; 7.0646700000
403239; 8.2705374000; 8.6704600000
403244; 13.7487600000; 38.3087300000
403259; 30.8281920000; 30.0739000000
403260; 0.1087200000; 0.7204600000
403261; 36.2243500000; 56.1519200000
403264; 0.4810190000; 0.5204800000
403266; 0.0362400000; 0.1017300000
403267; 1.4133600000; 5.6291700000
403317; 5.0400000000; 4.9264800000
403321; 0.0060062000; 9.3391100000
403324; 0.7868122000; 12.0819800000
403330; 0.0486400000; 6.8633500000
403331; 0.2073600000; 2.6604600000
403332; 6.5624800000; 6.5445400000
403337; 0.8769530000; 4.3388800000
403339; 2.5186800000; 12.3124700000
403340; 0.6523200000; 5.8184800000
403346; 0.5656000000; 7.0389000000
403354; 3.5816320000; 26.5580600000
403365; 5.9433600000; 9.7849400000
403369; 2.7180000000; 26.3499800000
403370; 1.1591966000; 10.0732000000
403392; 5.0400000000; 4.5247300000
403393; 2.2939220000; 4.6128500000
403401; 1.9713282000; 2.0430000000
403402; 5.7440400000; 6.5824300000
403403; 37.5897900000; 37.2054900000
403405; 19.9501200000; 19.8083900000
403406; 0.5711600000; 6.3941000000
403407; 1.1310340000; 1.3065400000
403410; 0.9060000000; 19.6050500000
403412; 17.9374000000; 19.1291600000
403413; 1.5167600000; 13.4498600000
403422; 12.3578400000; 11.3576000000
403424; 0.1449600000; 2.5837900000
403427; 0.3080400000; 12.7177500000
403432; 0.3261600000; 2.0864600000
403433; 0.1812000000; 1.8550400000
403470; 0.0180186000; 17.1091700000
403482; 4.8142300000; 4.8288300000
403483; 13.9246200000; 13.5913300000
403484; 2.2466560000; 12.5104800000
403495; 12.2520078000; 11.5583300000
403496; 1.8482400000; 1.8120000000
403498; 11.3545090000; 10.5640500000
403500; 4.9357660000; 4.9389700000
403510; 0.0780806000; 14.5133000000
403535; 15.2374102000; 15.8133600000
403537; 0.2260000000; 24.2171400000
403539; 0.9320000000; 4.3838300000
403550; 0.1229600000; 1.9778300000
403553; 0.7653286000; 17.6038900000
403554; 0.0120124000; 15.3161100000
403555; 0.2462542000; 25.0262100000
403556; 1.4122360000; 7.5592000000
403557; 0.5073600000; 21.9318100000
403559; 0.4491400000; 20.6020800000
403560; 2.3556000000; 9.2399200000
403561; 1.5864572000; 51.6878900000
403562; 3.4200000000; 4.6589200000
403565; 0.0300310000; 13.8662700000
403566; 3.3064000000; 3.4826200000
403569; 6.2858720000; 6.4444300000
403570; 0.3321324000; 73.3248300000
403571; 7.3584300000; 18.3311100000
403572; 1.5674870000; 7.1817900000
403573; 0.1449600000; 0.1720800000
403574; 0.2783200000; 11.7889200000
403601; 1.8678184000; 30.4959200000
403605; 4.2321600000; 47.3622900000
403606; 0.0800000000; 11.8643000000
403608; 13.1552920000; 27.2793600000
403612; 5.4076960000; 8.4319800000
403614; 25.6600000000; 32.9124700000
403615; 31.7747000000; 27.9697200000
403616; 24.8670000000; 26.7366800000
403619; 15.7569200000; 54.9201900000
403621; 10.7110000000; 10.9241500000
403624; 6.0000000000; 10.3852200000
403631; 3.4846890000; 7.5928000000
403632; 2.3796378000; 18.2785500000
403702; 10.2235340000; 64.0268100000
403705; 0.1381426000; 12.3138500000
403706; 7.2639500000; 8.0645300000
403708; 5.2379800000; 5.1929900000
403709; 7.7400000000; 10.3884700000
403710; 0.9649160000; 0.9463900000
403711; 103.0700000000; 101.7133300000
403712; 3.5963040000; 4.9629900000
403713; 4.8930000000; 4.5547500000
403719; 17.0000000000; 15.6303200000
403733; 0.5105270000; 54.9033100000
403770; 28.6000000000; 26.9992900000
403780; 9.5700000000; 8.3952900000
403781; 19.4300000000; 19.3122800000
403799; 2.3523110000; 14.9262800000
403814; 1.3320000000; 8.2049100000
403817; 0.1501550000; 39.2975500000
403868; 0.4070248000; 39.2325500000
403982; 1.6195686000; 9.2978800000
403983; 1.0937500000; 33.4237200000
403985; 0.9600000000; 18.5670400000
404003; 2.3951300000; 2.3827600000
404004; 2.3827200000; 2.3703500000
404006; 0.0992800000; 0.4869400000
404007; 0.0124100000; 1.0283200000
404008; 0.0372300000; 0.6452200000
404010; 0.0372300000; 0.5759300000
404011; 0.0248200000; 1.2924200000
404012; 0.0496400000; 1.1179600000
404013; 0.0248200000; 3.6021300000
404015; 0.3226600000; 0.2855100000
404016; 0.2482000000; 1.7382700000
404020; 39.4806390000; 37.9254800000
404025; 25.7029380000; 32.2941900000
404026; 28.7131920000; 28.7144100000
404027; 20.6086620000; 19.7722500000
404030; 2.5440500000; 2.4327400000
404037; 0.9161100000; 9.1573100000
404039; 0.1526400000; 4.1656400000
404040; 0.1353600000; 2.5630100000
404044; 6.2000000000; 5.9147000000
404047; 1.5380000000; 42.5623900000
404049; 3.1025000000; 2.9840200000
404053; 0.2830000000; 3.8976900000
404055; 1.1577900000; 1.2076000000
404056; 0.4997790000; 2.4250000000
404057; 0.1350000000; 0.1101900000
404071; 0.0744600000; 0.3127300000
404089; 0.0992800000; 3.9018900000
404090; 0.0496400000; 0.5574300000
404111; 0.0248200000; 0.1745600000
404120; 0.2495000000; 2.5805600000
404124; 0.2495000000; 0.5512800000
404129; 0.2130000000; 9.1635400000
404134; 0.0910000000; 0.6990700000
404135; 0.1150000000; 29.9751500000
404160; 4.0920100000; 3.8414200000
404163; 7.5544800000; 7.3038900000
404166; 0.4200000000; 3.8843600000
404167; 0.0765000000; 0.1730000000
404170; 0.1195600000; 6.1972400000
404175; 0.0024400000; 10.6461200000
404177; 0.1000000000; 2.6615300000
404184; 0.4082700000; 7.2836500000
404186; 19.5157400000; 18.7437400000
404260; 0.1570000000; 9.2339300000
405053; 0.2605000000; 14.4066600000
405061; 0.7900000000; 2.8297200000
405070; 0.1000000000; 11.8970700000
405082; 0.0516000000; 3.6874800000
405104; 0.3245400000; 1.8588800000
405115; 0.2010000000; 1.9979100000
405126; 0.3220000000; 3.0868400000
405130; 0.3475000000; 4.0282200000
405133; 0.1000000000; 2.2454400000
405143; 0.0153900000; 0.0417200000
405153; 0.2605000000; 1.4422000000
405182; 0.1204000000; 2.1664600000
405189; 0.0300000000; 0.1051300000
405192; 0.3530000000; 2.2807500000
405230; 0.3475000000; 0.9927200000
405283; 0.2207200000; 7.0302100000
405342; 0.0646000000; 0.0620900000
405343; 0.1100100000; 0.1049800000
405348; 0.0622300000; 0.0905800000
405548; 0.1647700000; 8.0105400000
405599; 0.2160000000; 4.7009300000
405704; 3.2814600000; 3.5628000000
405883; 0.2242800000; 6.2166500000
407027; 0.1872000000; 17.7456900000
407028; 0.1248000000; 14.7004500000
407042; 0.0530000000; 8.2438400000
407043; 0.0844000000; 12.7963100000
407054; 11.2128000000; 11.2128000000
407055; 7.4752000000; 8.9142700000
407075; 0.0626000000; 10.5618000000
407772; 0.0500000000; 9.5782400000
408011; 14.5000000000; 27.6490400000
408021; 20.0000000000; 19.7509500000
408041; 12.4920000000; 12.0416900000
408045; 22.2080000000; 21.7065000000
408182; 0.5300000000; 0.5545000000
408400; 4.2422424000; 4.2354200000
408405; 3.7037407000; 4.0440500000
408415; 0.0205535000; 1.2518800000
408421; 5.8495261000; 5.6415100000
408422; 7.0416291000; 9.9436000000
408504; 0.0041107000; 0.8857300000
408505; 0.0041107000; 1.4768700000
408506; 6.1660500000; 5.9376100000
408521; 6.2605961000; 6.5006100000
408527; 7.8144407000; 12.2556400000
408908; 3.4680000000; 4.1935700000
409009; 1.5974490000; 2.5109400000
409013; 9.3359200000; 9.3944500000
409101; 37.4146800000; 37.6411600000
409102; 16.6000000000; 23.3854400000
409110; 1.3404000000; 8.3738100000
409112; 4.5573600000; 4.5942700000
409113; 5.0500000000; 5.0768900000
409121; 6.3654000000; 6.4016900000
409162; 3.0382400000; 3.0770300000
409201; 3.7500000000; 25.8315100000
409311; 11.0668240000; 11.1339200000
409316; 1.3040400000; 1.9419500000
409317; 2.1842670000; 2.1965700000
409322; 9.4331073000; 10.2585700000
409323; 8.3879396000; 41.9357200000
409325; 5.5030702000; 6.7013700000
409326; 23.3335025000; 26.5174400000
409328; 5.6727684000; 12.4092600000
409332; 0.3636390000; 0.4554900000
409333; 6.0485287000; 6.0892600000
409342; 33.5638797000; 35.4322000000
409343; 25.2607892000; 28.8619000000
409352; 0.1575769000; 1.3837500000
409353; 9.0303685000; 11.7556600000
409377; 2.5754790000; 24.2541800000
409380; 3.6839130000; 5.6031900000
409382; 7.5600000000; 7.6112900000
409383; 7.4400000000; 7.5011000000
409401; 31.5723030000; 59.3849800000
409402; 24.7780750000; 61.6881600000
409408; 2.1240280000; 18.3486800000
409409; 2.6406810000; 2.6531900000
409411; 1.4670450000; 4.1912600000
409413; 14.1000000000; 15.4903300000
409509; 1.5322470000; 2.1462700000
409847; 1.5648480000; 1.6476900000
409855; 1.0106310000; 1.0083200000
510008; 12.4587250000; 82.3231800000
510017; 0.9964290000; 46.0226600000
510034; 4.7500000000; 17.3320000000
510153; 3.7600000000; 40.5226400000
510226; 0.8835960000; 9.2602600000
510227; 33.8400000000; 71.5992500000
510236; 2.0359200000; 20.8868800000
510237; 0.7840900000; 24.4238200000
510238; 33.8400000000; 65.7304200000
510250; 0.5673220000; 19.5708000000
510253; 0.5656820000; 14.5074600000
510272; 0.9549800000; 32.1739700000
510278; 0.1239000000; 0.1234800000
510293; 13.8430000000; 35.9871600000
510328; 8.3140000000; 75.7381900000
510370; 0.0480000000; 0.0479700000
510375; 1.5000000000; 1.4992700000
510377; 1.5000000000; 11.6179300000
510378; 1.5000000000; 6.2213100000
510379; 1.3600800000; 8.7985500000
510380; 0.7000000000; 0.6996600000
510381; 0.7000000000; 0.6996600000
510382; 0.7000000000; 0.6996600000
510383; 39.5000000000; 43.1234700000
510384; 39.5000000000; 49.9367000000
510385; 27.5400000000; 51.5415800000
510386; 19.3800000000; 52.7621700000
510387; 19.3800000000; 34.6835000000
510390; 0.7600000000; 10.5403900000
510392; 0.0480000000; 0.0479700000
510393; 35.0000000000; 69.1098600000
510394; 29.9796200000; 60.5794200000
510395; 25.4541400000; 50.4556000000
510396; 44.2325100000; 66.4127500000
510397; 4.7500000000; 17.2645500000
510398; 4.7500000000; 15.7130200000
510399; 4.7500000000; 3.5706300000
510400; 6.0000000000; 6.1034600000
510411; 1.5426600000; 15.2867100000
510414; 1.4213200000; 114.1003100000
510415; 2.1091000000; 37.5001700000
510416; 2.9303660000; 55.0495000000
510417; 1.1387760000; 3.3820900000
510418; 0.2249860000; 8.2390100000
510419; 6.2835470000; 58.7732100000
510420; 15.3055670000; 40.1821500000
510422; 0.8960000000; 26.9336300000
510423; 69.5700000000; 98.4007300000
510426; 7.5351900000; 29.6637500000
510427; 0.0351900000; 112.1561100000
510428; 3.1407600000; 36.7578900000
510429; 4.7368710000; 98.6408200000
510430; 0.0351900000; 25.8776700000
510431; 0.6298000000; 3.7272400000
510432; 0.5864800000; 4.7718200000
510433; 0.8418230000; 2.7883500000
510434; 5.8624700000; 120.6593800000
510435; 3.6448400000; 40.4692100000
510436; 1.1229260000; 18.1052800000
510438; 4.4387760000; 6.9502000000
510439; 2.3649660000; 8.2770300000
510440; 3.0351900000; 22.2653100000
510442; 1.6664800000; 56.2441000000
510443; 0.4512000000; 30.2833700000
510444; 1.0875830000; 80.1624600000
510445; 1.0350930000; 28.1758800000
510446; 0.8066330000; 24.0636300000
510447; 0.5088000000; 23.3876700000
510448; 6.0351900000; 41.4536700000
510449; 3.0351900000; 22.7375200000
510450; 0.1407600000; 10.6213900000
510451; 0.4186600000; 13.3953600000
510452; 0.0351900000; 0.1088200000
510453; 0.1431900000; 10.9423600000
510455; 57.6266370000; 93.5648300000
510456; 13.8735470000; 45.5498800000
510457; 4.5331760000; 155.8955700000
510458; 25.6310000000; 93.1308700000
510459; 0.1622880000; 22.9961600000
510460; 2.9044420000; 41.5710200000
510461; 5.9834240000; 36.9637900000
510462; 8.0143640000; 110.6833800000
510463; 0.1511200000; 19.6756900000
510464; 30.5337810000; 104.4265400000
510465; 0.0528920000; 7.6876200000
510466; 0.1035420000; 7.7475500000
510467; 0.2125000000; 50.4648000000
510468; 4.1281790000; 43.6981100000
510469; 4.0701790000; 22.8316300000
510470; 4.8848010000; 106.9093600000
510471; 0.5325000000; 107.3813700000
510472; 2.4357810000; 34.0395600000
510473; 1.6856000000; 63.0753800000
510474; 5.7205730000; 66.9254500000
510475; 1.7810000000; 30.8766300000
510476; 1.8480000000; 69.0391500000
510477; 1.2380000000; 55.4335400000
510479; 0.5325000000; 83.9060800000
510480; 3.3610000000; 21.6904700000
510481; 0.3594200000; 17.1349700000
510482; 44.1568990000; 126.0225000000
510483; 23.1225000000; 76.9531100000
510484; 1.1387760000; 4.5288700000
510485; 1.1387760000; 14.3102400000
510486; 2.5457810000; 10.3719200000
510487; 3.8470460000; 40.5267300000
510488; 39.8861800000; 139.1375100000
510489; 2.2056180000; 6.1253800000
510490; 3.4500000000; 26.9230200000
510491; 11.6270400000; 50.2805000000
510492; 4.4310000000; 38.3698400000
510493; 3.0142360000; 22.0353400000
510494; 0.0835000000; 42.5843400000
510495; 0.0835000000; 48.9928200000
510496; 0.6156180000; 37.7887100000
510498; 0.5500000000; 19.4433100000
510504; 2.7423990000; 44.3973800000
510506; 48.4255350000; 119.7787800000
510507; 4.3035050000; 56.5831900000
510508; 1.6928540000; 79.5187800000
510509; 0.1970000000; 22.3090700000
510510; 15.6880000000; 55.4528800000
510511; 4.0469440000; 52.9501800000
510512; 1.5574950000; 22.6875800000
510513; 0.7620000000; 14.0532100000
510514; 0.3109500000; 48.1145100000
510515; 1.4748360000; 67.4888300000
510518; 0.9140000000; 3.6279200000
510519; 10.3249610000; 116.4444500000
510521; 11.1385450000; 51.4087600000
510522; 16.5160900000; 54.8668000000
510523; 0.2493090000; 2.4294100000
510524; 0.7040000000; 1.4627500000
510525; 6.4864160000; 53.2005400000
510527; 0.9972360000; 2.6345600000
510530; 0.7479270000; 40.5448800000
510531; 0.1000000000; 11.5932600000
510532; 5.9834160000; 28.6917800000
510533; 0.1275400000; 16.7444800000
510534; 13.5204160000; 54.9459100000
510535; 37.8970510000; 79.1121900000
510540; 0.5575400000; 43.6176800000
510541; 3.6476900000; 92.2851400000
510542; 6.7811170000; 189.4888200000
510543; 0.1275400000; 15.1255000000
510544; 0.5575400000; 27.8325700000
510545; 1.1700000000; 97.6685400000
510547; 4.8577080000; 15.2504600000
510550; 8.2873430000; 12.8728300000
510551; 3.2410170000; 30.3005700000
510558; 0.2505800000; 31.2600100000
510563; 38.3062220000; 63.5792400000
510564; 38.5337220000; 56.9259200000
510565; 3.0000000000; 7.4507500000
510566; 2.2500000000; 5.8916200000
510567; 1.2920000000; 17.4811200000
510568; 1.2920000000; 17.0089100000
510569; 20.9234000000; 128.7512800000
510570; 20.8934000000; 85.4132400000
510571; 0.2493090000; 30.3569100000
510572; 1.3770000000; 16.3547500000
510573; 4.2340830000; 235.7567300000
510574; 0.8540820000; 0.9033900000
510582; 4.2160000000; 23.8437900000
510583; 5.9580000000; 13.8472700000
510584; 5.9580000000; 19.1089700000
510585; 24.5000000000; 70.2243800000
510586; 4.2000000000; 4.2654100000
510587; 0.7000000000; 3.6003400000
510588; 37.1360000000; 84.2707600000
510589; 21.8756620000; 89.6088500000
510590; 8.4938900000; 51.9488400000
510591; 0.9001340000; 0.9584600000
510592; 4.2610000000; 5.5642000000
510595; 4.7040000000; 13.5381000000
510596; 0.1000000000; 5.4746000000
510597; 7.6804600000; 40.0233000000
510598; 20.5225000000; 90.3946700000
510600; 24.7100000000; 117.1820500000
510602; 8.0000000000; 41.7244100000
510603; 30.1200000000; 57.6336500000
510604; 2.0400000000; 4.0627400000
510611; 0.2544900000; 35.7073100000
510619; 0.8085000000; 4.1882600000
510620; 0.8085000000; 13.2950500000
510624; 0.7850000000; 49.2189600000
510625; 2.2491330000; 42.7487400000
510627; 0.4250000000; 0.9754700000
510628; 0.4250000000; 0.9754700000
510639; 1.4700000000; 116.3775400000
510642; 69.9623860000; 162.6903300000
510651; 2.7386970000; 62.8127200000
510652; 0.8624000000; 15.4675800000
510653; 0.1275400000; 46.8306300000
510665; 7.6050000000; 21.3723800000
510679; 2.7423990000; 48.8495900000
510812; 4.5554020000; 32.4640100000
510818; 2.4930900000; 47.8368000000
510819; 9.9723600000; 50.6978400000
510821; 11.7175230000; 50.2321200000
510822; 6.5968310000; 82.7633100000
510824; 1.2465450000; 44.9989400000
510825; 2.7423990000; 39.8777200000
510826; 46.2433880000; 109.9507700000
510827; 6.2761470000; 50.5901200000
510828; 2.7423990000; 27.7353200000
510829; 1.7459400000; 34.6127700000
510830; 4.7882530000; 29.6763100000
510832; 0.1055700000; 26.5675100000
510833; 0.1055700000; 32.3688800000
510835; 2.9917080000; 35.9660900000
510836; 1.2465450000; 12.5517700000
510837; 2.9917080000; 23.0142100000
510838; 6.7313430000; 29.0993100000
510839; 4.9861800000; 59.9884600000
510840; 12.7147590000; 63.1202500000
510841; 2.8062810000; 38.4695300000
510842; 0.0638820000; 32.8603400000
510843; 2.6627810000; 12.1929900000
510844; 5.4847980000; 33.1421400000
510846; 2.1679000000; 63.2605000000
510847; 10.7202870000; 73.2315000000
510850; 2.8191300000; 48.5512800000
510851; 2.7423990000; 18.3587000000
510854; 0.4050000000; 112.0473200000
510868; 3.0600000000; 3.0585100000
510869; 3.0600000000; 3.0585100000
510884; 0.7000000000; 0.6996600000
510885; 0.7000000000; 0.6996600000
510888; 0.9400000000; 8.7074000000
510889; 44.1800000000; 65.3079800000
510890; 5.4000000000; 15.7762100000
510891; 0.3600000000; 1.0778600000
511001; 1.6756300000; 6.3905100000
511009; 0.7784040000; 1.9124300000
511010; 6.8935200000; 9.0920100000
511014; 2.7432800000; 9.9429300000
511015; 0.2787000000; 1.5016500000
511016; 1.0215620000; 18.9887600000
511017; 0.6601600000; 4.2536300000
511018; 0.0311400000; 0.0788300000
511020; 0.9633500000; 13.2275100000
511027; 0.0311400000; 1.9381900000
511029; 0.0934200000; 4.6220900000
511031; 0.6082600000; 5.3388400000
511033; 0.5496580000; 8.1167000000
511034; 0.2618460000; 2.7546400000
511045; 0.5071420000; 5.4906400000
511054; 8.6070000000; 21.0700900000
511055; 7.7010000000; 13.4336600000
511058; 59.5140000000; 88.9190300000
511063; 1.3300000000; 9.8698400000
511064; 0.3656140000; 1.4008200000
511065; 0.0615000000; 5.8752100000
511066; 0.0135000000; 5.2118700000
511071; 0.1245600000; 7.1786100000
511092; 1.2065800000; 10.0565000000
511093; 0.3726200000; 7.2896800000
511096; 1.0792000000; 4.4845600000
511109; 6.8821000000; 10.8527200000
511112; 0.1839000000; 5.4978100000
511113; 16.2456000000; 27.8158200000
511114; 6.8014040000; 11.1084000000
511115; 7.4575960000; 10.2870600000
511118; 2.7368000000; 21.8425300000
511129; 0.2850000000; 18.8791700000
511130; 8.9000000000; 16.5910800000
511185; 5.3557040000; 48.8212000000
511189; 0.8440880000; 2.4280300000
511191; 1.0727600000; 3.4671600000
511196; 0.7194340000; 3.6312400000
511199; 2.2526440000; 27.8808800000
511204; 15.5598500000; 24.8958700000
511208; 68.8707640000; 74.0745900000
511209; 2.8000000000; 4.5092200000
511211; 31.0105860000; 51.6458000000
511213; 85.9747640000; 93.1572000000
511214; 13.5100000000; 32.5004800000
511215; 2.2100000000; 3.8597900000
511217; 2.0800000000; 3.6725300000
511224; 3.9744060000; 26.9955600000
511226; 0.0034200000; 3.9783800000
511230; 1.6000000000; 4.5798200000
511271; 0.0622800000; 5.6872100000
511291; 0.1245600000; 11.5069200000
511700; 9.1171500000; 31.3749300000
511702; 0.7784040000; 1.3876100000
513001; 0.0348700000; 3.2070400000
513011; 7.2115000000; 8.0887800000
513012; 7.2115000000; 8.3081700000
513013; 0.3411200000; 1.8049000000
513014; 0.3548800000; 3.5648500000
513016; 0.3938700000; 3.6928600000
513017; 0.9770000000; 8.3556100000
513019; 0.0970000000; 0.5410600000
513020; 11.9220000000; 31.1749400000
513037; 1.3920000000; 2.2702800000
513041; 0.1829100000; 2.7647500000
513051; 0.3527100000; 8.7359100000
513055; 0.4564800000; 3.5862600000
513056; 0.3570000000; 3.8758500000
513073; 0.0855900000; 0.3049500000
513085; 0.2599400000; 1.3340400000
513095; 1.7880800000; 2.3523800000
513096; 0.3296800000; 1.0568000000
513302; 7.5710280000; 14.4242700000
513303; 0.7120000000; 4.2553500000
513305; 7.7190000000; 18.7496500000
513306; 1.9000000000; 3.9617000000
513310; 4.7674420000; 7.1910000000
513311; 1.1300000000; 4.0911900000
513313; 10.0538700000; 20.0198100000
513314; 3.6150000000; 21.2645600000
513315; 18.5000000000; 24.8683100000
513316; 2.4090000000; 4.8657800000
513318; 2.8803600000; 5.4096800000
513319; 3.3500000000; 6.1126600000
513322; 7.9052400000; 16.7099600000
513324; 1.2410000000; 4.7729600000
513325; 1.5200000000; 4.4592500000
513326; 4.8552000000; 16.0849300000
513327; 4.8595800000; 7.2573200000
513328; 0.2189200000; 0.6827700000
513329; 8.6770000000; 12.1326600000
513330; 3.3864000000; 9.0239200000
513626; 0.1860840000; 0.9475100000
513629; 1.3359000000; 4.8237700000
513631; 0.4941000000; 1.0643600000
513638; 0.0034460000; 0.0484200000
513710; 0.6660000000; 1.5654200000
513711; 0.4440000000; 1.1240600000
513717; 1.3530000000; 4.2708000000
513718; 6.3593000000; 8.7054900000
513725; 2.7000000000; 4.8714000000
514015; 2.3500000000; 2.3857900000
514016; 1.0275200000; 1.4980300000
514017; 2.5410000000; 3.4389900000
514100; 8.1161050000; 11.5135800000
514116; 0.0968400000; 3.0768000000
514139; 0.6380604000; 6.1713900000
514140; 4.6977986000; 9.4638400000
514141; 0.7357800000; 5.9524400000
514143; 7.0171300000; 18.8304600000
514145; 0.0115852000; 0.5519000000
514149; 2.0260800000; 3.7193500000
514150; 2.1949200000; 4.1771700000
514157; 2.4162450000; 4.7573900000
514158; 4.3093800000; 13.0844100000
514159; 1.8439900000; 4.6681900000
514161; 3.0371600000; 3.8224100000
514168; 0.0984742000; 2.5726400000
514169; 0.1506076000; 2.5393300000
514170; 3.2174000000; 7.8921500000
514175; 0.2209900000; 3.0556200000
514178; 1.7347400000; 4.6589100000
514179; 0.0660100000; 3.0023100000
514184; 0.6545638000; 2.0121000000
514185; 0.3707264000; 1.6180700000
514188; 2.7199886000; 5.6260400000
514189; 3.7261500000; 7.6641000000
514331; 45.1527272000; 80.2748400000
514333; 11.0500000000; 18.4312300000
514335; 3.5438700000; 11.9025900000
514336; 0.6832000000; 3.3351700000
514339; 11.9974050000; 16.7281500000
514340; 0.3960000000; 1.0997700000
514341; 1.6727850000; 3.8005700000
514342; 11.5760400000; 25.6385500000
514347; 6.3196100000; 20.4509900000
514350; 11.3418650000; 22.2603900000
514351; 5.2042200000; 18.4672400000
514352; 16.0379000000; 30.8244200000
514357; 2.3612844000; 2.5029100000
514359; 0.8720600000; 15.0752000000
514360; 29.2125386000; 52.8480200000
514362; 16.2198150000; 29.0000800000
514363; 0.6151000000; 3.0646500000
514365; 4.4607600000; 8.4207400000
514380; 1.7100000000; 2.7113400000
514805; 8.5871300000; 16.4562400000
514811; 18.0280000000; 21.8658200000
514812; 5.8857250000; 10.3089600000
514818; 4.8324900000; 5.5131500000
514820; 0.6280000000; 3.5333900000
514823; 14.9213000000; 28.5386800000
514848; 2.4981600000; 3.6801600000
514859; 2.1834800000; 4.8265100000
514972; 12.4276400000; 19.3599100000
514977; 1.8586500000; 3.0439000000
514980; 0.1000000000; 5.8091400000
515001; 0.0630000000; 6.6355600000
515002; 0.0370000000; 10.3430200000
515005; 14.7544750000; 29.5539200000
515006; 0.1000000000; 2.8925700000
515009; 0.1494100000; 12.7494400000
515011; 0.5933400000; 4.2486400000
515012; 0.3772600000; 7.7580100000
515013; 0.3306100000; 4.5228900000
515014; 2.9939220000; 4.4972200000
515015; 0.8316450000; 3.0279300000
515016; 1.4969610000; 2.5584500000
515017; 6.7991800000; 10.9077400000
515018; 18.6246900000; 22.9352300000
515019; 0.3515400000; 3.9345300000
515020; 0.9330100000; 6.8618500000
515021; 0.5798430000; 6.5848300000
515028; 9.6800000000; 29.8173200000
515029; 14.5200000000; 43.6518800000
515030; 15.3563360000; 15.7691400000
515031; 5.5443000000; 11.9238400000
515032; 12.1490000000; 13.9251600000
515036; 11.4212580000; 11.3126000000
515037; 0.4989870000; 8.5918900000
515038; 3.2156940000; 7.0810700000
515039; 0.4989870000; 1.8167600000
515368; 8.5839610000; 34.9761800000
515371; 0.8217700000; 4.1590500000
515372; 12.4192320000; 16.4640700000
515373; 34.7445000000; 97.4559200000
515381; 0.0226720000; 5.2652100000
515383; 101.5605920000; 150.1459100000
515384; 37.4575300000; 101.1383900000
515385; 4.8789840000; 11.4018300000
515391; 8.8111080000; 18.6293100000
515394; 1.1261500000; 10.4208000000
515396; 0.1320000000; 32.9892500000
515398; 13.4610920000; 15.4024700000
515399; 1.4969610000; 3.6325500000
516002; 29.5640000000; 42.2487500000
516402; 0.4727700000; 10.5769900000
516405; 0.2017152000; 18.3179200000
516413; 8.9889336000; 12.1317600000
516414; 9.7536720000; 15.6969000000
516417; 14.3500000000; 39.2867700000
516418; 4.5260724000; 15.3263400000
516421; 0.7270000000; 6.8926500000
516426; 13.4392752000; 15.8935200000
516433; 8.9700228000; 8.7677300000
516435; 7.0726392000; 9.5396300000
516437; 5.4775592000; 8.8216000000
516440; 8.1253404000; 10.3777800000
516449; 9.8360000000; 13.2393400000
517004; 0.8256000000; 0.8688400000
517013; 6.9200000000; 13.2139700000
517014; 10.3800000000; 16.4408400000
517017; 0.6824500000; 3.3805200000
517018; 0.3715500000; 6.8665400000
517019; 0.0872290000; 2.9428300000
517020; 1.3318420000; 3.4951800000
517023; 1.2195740000; 1.7233200000
517024; 1.9854420000; 8.2746000000
517025; 1.0775000000; 3.0734500000
517031; 0.2240000000; 5.4685900000
517032; 0.2240000000; 5.1189200000
517034; 0.3955000000; 8.6412900000
517035; 0.3955000000; 8.6995600000
517043; 2.2894000000; 18.8975800000
517059; 1.4104000000; 2.3754300000
517060; 0.2645000000; 13.1250700000
517061; 0.7050000000; 15.5338700000
517079; 0.5650000000; 1.6382300000
517080; 1.1556000000; 4.2404500000
517081; 1.7334000000; 5.1951100000
517083; 3.9344870000; 5.6238300000
517084; 0.5650000000; 1.4633900000
517085; 0.5289000000; 1.0913100000
517091; 0.0642740000; 10.3794400000
517095; 0.3074020000; 19.4770300000
517098; 4.2000000000; 21.5726700000
517099; 0.0642740000; 4.7847700000
517103; 1.3072000000; 5.7707800000
517105; 0.8256000000; 0.9853900000
517108; 0.5139420000; 3.0004100000
517117; 0.2177000000; 3.4832300000
517118; 0.0596830000; 6.5285100000
517123; 0.0918200000; 16.9340900000
517158; 0.1882310000; 5.3166400000
517167; 0.5073000000; 2.3152200000
517171; 1.8650000000; 3.4165000000
517172; 0.1792000000; 3.1260900000
517173; 0.1792000000; 2.2519300000
517174; 5.8075000000; 18.6446900000
517176; 0.4520000000; 1.1590600000
517177; 0.4520000000; 1.1590600000
517180; 1.6512000000; 2.7284000000
517183; 4.0592000000; 10.2792600000
517184; 1.6512000000; 3.5442900000
517185; 0.6192000000; 2.5310900000
517187; 0.8256000000; 2.0926700000
517456; 3.6464000000; 14.6527600000
517459; 5.1600000000; 17.8871200000
517460; 2.0733000000; 23.4781400000
517462; 3.9262000000; 16.7558800000
517464; 1.7700000000; 8.3116700000
517465; 0.3200000000; 38.6415300000
517466; 5.2841000000; 14.3385300000
517467; 6.7550000000; 21.8202800000
517471; 18.0298000000; 50.2783300000
517481; 1.9800000000; 7.4411900000
517482; 0.2200000000; 4.5242000000
517483; 0.2064000000; 5.2145300000
517484; 0.9632000000; 1.2370400000
517485; 0.7912000000; 4.6231200000
517488; 0.6192000000; 3.6966400000
517490; 0.2064000000; 5.2145300000
517491; 0.2752000000; 3.1840800000
518002; 1.9350000000; 15.5704200000
518003; 11.8250000000; 47.7700300000
518010; 4.3198245000; 7.1802900000
518011; 4.3198245000; 7.1802900000
518015; 0.4415000000; 1.8363700000
518016; 0.1270000000; 4.2076700000
518021; 0.1018600000; 15.6227600000
518022; 0.1125200000; 14.7211400000
518046; 0.6307500000; 12.5170100000
518047; 0.4880700000; 9.8634600000
518309; 6.2585910000; 9.7988400000
518319; 4.5958410000; 7.5136500000
518330; 0.0950000000; 1.8220400000
518501; 0.3000000000; 3.6353200000
518502; 2.6550000000; 15.9557700000
518504; 3.2000000000; 29.0857000000
518511; 6.6874000000; 6.9359500000
518512; 10.0000000000; 21.2628000000
518514; 0.5672700000; 9.8433900000
518515; 21.9057300000; 37.9234300000
518524; 0.5273000000; 4.0890800000
518525; 0.6780000000; 7.2715900000
518526; 7.7400000000; 26.8683800000
518527; 2.2181085000; 4.2995900000
518604; 3.3321510000; 4.7627100000
518608; 3.8542545000; 5.8154800000
518610; 2.1782025000; 3.6091600000
518620; 2.1782025000; 3.3310500000
518902; 0.3486000000; 4.8540400000
519005; 0.1613000000; 0.5777800000
519006; 0.1141500000; 0.8418600000
519007; 0.1141500000; 8.8086600000
519008; 1.5101230000; 1.5621600000
519011; 0.3650000000; 10.5429200000
519014; 1.2785200000; 13.7428500000
519018; 0.3079000000; 0.5991400000
519019; 0.2651000000; 2.7183400000
519021; 0.1000000000; 5.9513600000
519026; 0.0450000000; 15.5323500000
519027; 0.1077500000; 8.5757700000
519031; 4.6297590000; 5.1900300000
519033; 1.0524800000; 2.4398300000
519547; 1.5987000000; 19.4374700000
519548; 0.1500000000; 9.4553000000
519549; 0.0960000000; 3.8383100000
519553; 0.3250000000; 29.8101200000
519557; 13.3860000000; 40.6336100000
519558; 1.7001600000; 5.2230000000
519560; 33.0000000000; 54.7126000000
519563; 13.2774980000; 18.0909800000
519565; 4.2118400000; 16.5269200000
519567; 1.3390000000; 4.9416200000
519571; 21.6436540000; 29.7662500000
519572; 4.0289160000; 17.1700800000
519573; 0.2430000000; 18.1755300000
521009; 0.0960000000; 7.6940400000
521010; 0.5399000000; 4.4389700000
521011; 0.5938900000; 3.0866600000
521012; 0.2770000000; 5.2528100000
521024; 0.5773000000; 2.4930400000
521027; 1.0718200000; 1.0654800000
521602; 0.8218700000; 22.2951300000
521603; 2.6750000000; 41.5059500000
521606; 7.4680800000; 28.4854300000
521608; 13.6530000000; 35.1841900000
521609; 1.5117200000; 7.3598200000
521617; 10.1779200000; 18.5197500000
521618; 25.5915000000; 50.0355500000
523001; 5.9694270000; 11.6848200000
523002; 0.8850570000; 3.4017300000
523038; 0.5601600000; 1.6743000000
523040; 6.0600000000; 7.1203700000
523041; 4.0400000000; 4.8361800000
523043; 0.1385000000; 4.1619700000
523044; 0.7255000000; 1.1698900000
523056; 0.1150000000; 0.9262800000
523057; 0.1150000000; 1.8970900000
523059; 0.7255000000; 0.9467100000
523065; 0.4668000000; 1.5793700000
523067; 0.8869200000; 1.1696400000
523068; 0.1867200000; 0.5246200000
523069; 0.2580000000; 1.0858500000
523070; 0.1800000000; 1.0196500000
523071; 0.1800000000; 1.0196500000
523072; 0.1310000000; 3.9556200000
523073; 0.1310000000; 1.7796600000
523076; 1.7670000000; 8.3365200000
523077; 0.6760000000; 2.4140800000
523078; 0.1690000000; 0.5867800000
523107; 0.7025000000; 3.2424900000
523111; 0.1385000000; 3.7602500000
523114; 1.7670000000; 7.6000400000
523653; 12.8610160000; 69.1707400000
523654; 0.5998000000; 6.2280900000
523656; 0.7398720000; 3.9984600000
523657; 0.0770240000; 1.7837700000
523658; 0.3600000000; 1.4566300000
523659; 12.2250000000; 37.3262500000
523660; 1.1203200000; 3.8842100000
523661; 0.0571040000; 0.3245100000
523666; 0.4668000000; 1.8471800000
523667; 0.5134800000; 1.0577300000
523670; 0.7530000000; 65.5577200000
523671; 4.8100000000; 13.5837600000
524687; 102.4223600000; 101.2994000000
524688; 95.1400000000; 106.7971700000
524689; 56.4228100000; 59.4569800000
524690; 26.2289400000; 54.0773900000
524691; 96.9187000000; 154.9280200000
524694; 326.9020000000; 323.7750400000
524695; 53.9938000000; 103.9113700000
524696; 36.7533200000; 62.8210500000
524697; 9.0008100000; 12.5358600000
524700; 10.6200000000; 33.3113800000
524702; 0.4600000000; 12.2615200000
524704; 12.6528000000; 16.6778300000
524709; 5.9606000000; 7.8857200000
524714; 178.9400000000; 178.3009300000
524718; 0.2350000000; 54.8733900000
524719; 0.2350000000; 54.2841600000
524722; 2.6822700000; 5.1100300000
524723; 3.2783300000; 8.9625900000
524771; 1.7881800000; 1.8648700000
524772; 7.9677800000; 8.3888400000
524773; 2.9803000000; 3.0884800000
526001; 22.6653450000; 84.7952400000
526002; 1.1040000000; 13.2390000000
526004; 0.5722950000; 6.9689600000
526005; 1.8735000000; 10.7783800000
526006; 0.3000000000; 25.1993200000
526007; 1.3635000000; 16.2178600000
526009; 1.5096250000; 23.5696300000
526012; 0.1056000000; 3.2319000000
526013; 0.1144000000; 0.4849300000
526014; 6.7000000000; 6.7233200000
526015; 0.9609400000; 3.0796400000
526016; 0.9822950000; 4.4793700000
526017; 10.5360000000; 14.3643900000
526021; 0.3060000000; 25.2629400000
526022; 0.7685000000; 30.3391600000
526023; 9.5951200000; 16.5080500000
526024; 0.1940000000; 7.2414900000
526026; 3.8885500000; 19.2962300000
526027; 3.8494500000; 11.3086000000
526031; 0.0570000000; 0.5836400000
526033; 14.2310000000; 32.3677200000
526034; 6.9660000000; 30.2231200000
526036; 2.1000000000; 11.7442400000
526039; 5.3580800000; 17.7928300000
526040; 51.5330800000; 124.2530100000
526042; 19.1060000000; 73.4972900000
526045; 0.6697600000; 3.5556000000
526046; 4.0185600000; 8.4028500000
526047; 3.3440000000; 5.3036300000
526048; 1.3395200000; 4.3554700000
526049; 0.0490000000; 2.5369400000
526052; 12.3230000000; 23.0703200000
526053; 0.9520000000; 11.3973600000
526063; 2.7900400000; 9.3978700000
526064; 5.4080800000; 13.3219300000
526067; 0.6697600000; 5.4634100000
526068; 2.6790400000; 3.5643400000
526069; 2.6790400000; 4.6833200000
526070; 4.6883200000; 6.6589600000
526073; 3.3488000000; 6.3311100000
526075; 0.5060000000; 1.4060900000
526092; 2.6790400000; 4.7893100000
526095; 3.3488000000; 8.7158700000
526101; 2.6790400000; 3.8884000000
526770; 22.9000000000; 22.9521700000
526786; 22.7419200000; 42.4213400000
527703; 0.0236840000; 1.6876900000
527706; 0.3015440000; 2.1805200000
527709; 0.4105000000; 4.2236000000
527711; 13.8200000000; 16.9359500000
527712; 0.0976100000; 4.1415900000
527716; 0.1901060000; 2.7593800000
527717; 0.2172640000; 6.0295400000
527719; 0.8754560000; 7.1585800000
527721; 4.9440000000; 8.9040000000
527723; 2.2812720000; 2.3132200000
527725; 8.6362440000; 8.7654100000
527727; 3.1560000000; 7.9603800000
527728; 6.4826300000; 18.7661500000
527729; 0.3061500000; 2.5173800000
527730; 5.5000000000; 5.6830000000
527733; 8.6309860000; 17.0228000000
527737; 0.5634860000; 4.3019400000
527739; 0.4910040000; 8.6060100000
527740; 1.1216460000; 4.3698000000
527741; 0.7000000000; 6.0990000000
527802; 233.7392525000; 295.6431900000
527804; 120.2610900000; 200.6304700000
527808; 7.3600200000; 15.3419200000
527810; 4.4000000000; 8.7664400000
527812; 22.3231080000; 97.4623400000
527815; 6.2764820000; 12.3847000000
527817; 0.6517920000; 2.2997800000
527818; 210.1044000000; 236.5549300000
527819; 0.0895000000; 6.2990300000
527820; 0.7332660000; 6.5496800000
527821; 1.9825340000; 14.6342100000
527822; 0.8290900000; 5.2624700000
527824; 15.8500000000; 27.1995800000
527827; 2.9223900000; 9.6901400000
527828; 414.8161675000; 500.5143100000
527830; 0.3203260000; 0.5274100000
528212; 8.3850000000; 7.6158800000
528213; 7.4820000000; 7.4079100000
528217; 3.3540000000; 4.5847100000
528218; 0.7740000000; 2.9673700000
528219; 11.8160000000; 12.7877400000
528223; 1.0320000000; 2.6876100000
528225; 0.6450000000; 0.9390300000
528229; 3.4830000000; 4.0425800000
528232; 2.3220000000; 3.6826900000
528400; 0.2580000000; 2.2710900000
528407; 3.4830000000; 3.9444700000
528501; 1.8060000000; 3.6535500000
528504; 7.3530000000; 7.3417600000
528512; 5.8050000000; 7.5879200000
528848; 0.4850000000; 39.3673000000
528851; 9.1300000000; 10.8407500000
528852; 49.3035000000; 63.6878800000
528857; 36.3515000000; 51.1907600000
528858; 9.1590000000; 9.9553500000
528861; 37.9930000000; 43.3615700000
528863; 0.4850000000; 39.3673000000
529004; 0.4070000000; 1.7701300000
529014; 21.0195000000; 22.5061300000
529017; 22.2191700000; 79.3812400000
529216; 9.5150000000; 15.9505500000
529217; 9.5150000000; 15.9505500000
529218; 136.8323000000; 155.0575200000
529307; 5.8320000000; 8.7801300000
529316; 5.5509900000; 9.6435400000
529317; 0.1000000000; 2.3383600000
529336; 0.2060000000; 1.9238700000
529342; 4.9815000000; 4.8140600000
529347; 7.1790000000; 19.4195100000
529869; 49.5553000000; 67.0920800000
529870; 4.9815000000; 4.8140600000
529872; 208.8493000000; 219.9814300000
529873; 39.0801000000; 65.7472800000
529874; 28.0000000000; 32.7882700000
529875; 88.3845000000; 117.1119400000
529876; 147.3075000000; 159.6371700000
529879; 36.5055000000; 102.8813700000
529882; 3.7665000000; 25.4382300000
529885; 4.0500000000; 12.3054700000
529887; 3.9037450000; 5.9493400000
529888; 2.5498450000; 4.5962500000
529892; 8.0190000000; 8.9905300000
529899; 2.0655000000; 4.0670400000
529902; 1.2000000000; 1.1277400000
529906; 13.9725000000; 23.0068700000
529908; 5.6412500000; 9.6927900000
529912; 13.9725000000; 13.8644900000
531001; 25.6310000000; 36.3716000000
531002; 28.2044000000; 28.5521300000
531003; 0.3689400000; 15.3948400000
531004; 51.5010600000; 61.9010800000
531008; 8.5007010000; 18.5361400000
531009; 0.7043400000; 0.7688100000
531010; 84.1050000000; 86.0116100000
531012; 1.0810140000; 4.6515400000
531013; 11.0500000000; 23.2180500000
531014; 1.8672060000; 3.9452600000
531015; 2.6042610000; 3.3028200000
531017; 1.9654800000; 2.5574200000
531018; 2.0654800000; 5.2032400000
531020; 1.7689320000; 5.7181600000
531022; 0.1000000000; 0.3355000000
531030; 1.1792880000; 3.4037200000
531032; 4.3209600000; 5.8262700000
531036; 0.2580000000; 7.1499200000
531037; 109.4748900000; 126.4651200000
531041; 0.1280000000; 2.3037700000
531045; 0.2130000000; 6.3413800000
531049; 2.2188200000; 5.1589300000
531051; 2.6533980000; 6.0043800000
531053; 3.0464940000; 5.7037500000
531061; 13.1446860000; 18.1202400000
531062; 1.6706580000; 2.1353000000
531066; 2.6275500000; 5.8476500000
531070; 0.7861920000; 15.9560900000
531073; 6.0438510000; 10.5962000000
531075; 1.6706580000; 3.2904600000
531079; 3.2921790000; 6.9598100000
531087; 11.0000000000; 14.6747300000
531088; 1.2775620000; 1.7008300000
532164; 0.6848519000; 20.6935600000
532166; 6.4311000000; 97.2060500000
532168; 0.4258000000; 54.9332100000
532170; 3.6241800000; 21.0280800000
532172; 1.7910000000; 47.2644500000
532173; 1.5110000000; 25.0475300000
532174; 0.6578600000; 13.3508300000
532175; 5.0703400000; 8.6770100000
532177; 0.2917000000; 3.2717400000
532178; 0.0428000000; 7.9583000000
532180; 2.8767562000; 33.8449700000
532184; 0.0513000000; 0.7106500000
532185; 0.9548519000; 3.5950100000
532196; 0.7714000000; 5.8509500000
532197; 103.3900000000; 133.1916300000
532230; 5.4854800000; 11.3684200000
532236; 1.0520000000; 3.0764400000
532263; 1.8680200000; 7.4861000000
532298; 1.0562900000; 4.6488000000
532299; 0.9367100000; 9.1112600000
532363; 0.2668600000; 28.3198200000
532366; 3.9710400000; 13.4263200000
532367; 0.0150000000; 5.4876400000
532368; 0.4940000000; 3.1245200000
532371; 2.6686000000; 5.0145200000
532383; 2.0870000000; 21.1511800000
532391; 0.0263000000; 6.6968800000
532394; 1.8680200000; 5.5739600000
532396; 1.6942600000; 3.8485500000
532411; 0.8404800000; 10.2259000000
532416; 23.7800000000; 47.7030600000
1000003; 14.2170000000; 52.0179500000
1000008; 63.8000000000; 142.8651400000
1000013; 8.8120000000; 22.2919800000
1000015; 20.4320000000; 34.4035500000
1000016; 25.5400000000; 42.9892600000
1000017; 53.6340000000; 99.5544300000
1000018; 58.9247600000; 119.1585600000
1000022; 1950.0000000000; 1950.0000000000
1000029; 32.0000000000; 136.7019200000
1000030; 48.7250000000; 90.8532500000
1000031; 15.3240000000; 51.8934000000
1000032; 0.1930000000; 24.4421100000
1000042; 1.9900000000; 35.5516000000
1000047; 7.6620000000; 12.9139800000
1000048; 7.6620000000; 13.3186900000
1000049; 7.6620000000; 15.9493100000
1000050; 5.1080000000; 8.6261800000
1000051; 5.1080000000; 9.4356000000
1000052; 5.1080000000; 8.6261800000
1000053; 2.5540000000; 4.3383800000
1000055; 25.5400000000; 60.9483200000
1000058; 2.5540000000; 7.3709600000
1000061; 12.4700000000; 48.5147600000
1000063; 3.2000000000; 69.7906600000
1000064; 22.9860000000; 41.9400600000
1000074; 0.1150000000; 47.5742300000
1000076; 0.1100000000; 58.4498700000
1000081; 3.7232400000; 45.6793000000
1000082; 28.3500000000; 38.0135200000
1000083; 28.3500000000; 52.7288900000
1000084; 42.8780000000; 53.3388900000
1000086; 5.0000000000; 63.5604600000
1000093; 9.5290000000; 29.6281900000
1000097; 0.3780000000; 84.6681600000
1000105; 18.2994000000; 41.5963000000
1000106; 21.0000000000; 32.1971000000
1000121; 42.8523600000; 118.1827100000
1000125; 0.3450000000; 5.3917700000
1000143; 14.0000000000; 45.9777300000
1000145; 65.4951200000; 151.0447200000
1000151; 22.3362500000; 65.6130600000
1000156; 38.7318800000; 104.2700300000
1000158; 26.3407200000; 96.5696400000
1000163; 32.0728400000; 132.2718500000
1000170; 26.3407200000; 132.7523900000
1000171; 18.0373400000; 38.0079900000
1000174; 56.0000000000; 92.5739200000
1000175; 21.9506000000; 125.1734400000
1000179; 7.3681200000; 136.6343000000
1000182; 12.1996000000; 44.6650500000
1000184; 11.4631200000; 73.5636300000
1000188; 0.0815000000; 7.0002800000
1000189; 0.0815000000; 10.4718700000
1000192; 0.1170000000; 36.4844400000
1000196; 35.1209600000; 58.1379400000
1000262; 4.3321000000; 7.9463200000
1000265; 37.3673950000; 64.9715400000
1000266; 13.0815130000; 18.7068600000
1000269; 15.5893650000; 25.9854800000
1000270; 0.7785210000; 9.2893000000
1000273; 14.2600130000; 31.6544300000
1000277; 0.7336280000; 1.2361800000
1000278; 11.0044200000; 18.9438900000
1000279; 63.9166630000; 102.5366600000
1000280; 10.0744310000; 20.0739200000
1000281; 76.0711700000; 135.5086200000
1000283; 139.9704000000; 177.8919500000
1000285; 13.4128210000; 25.8376000000
1000287; 34.0482240000; 77.6121400000
1000288; 5.9312000000; 43.8417900000
1000289; 13.7880000000; 17.8245400000
1000296; 24.1150240000; 75.6981200000
1000297; 27.2986650000; 42.7919700000
1000298; 21.4983570000; 37.4708500000
1000299; 50.7480000000; 71.2007300000
1000300; 40.4198670000; 76.7330800000
1000301; 56.1725630000; 90.6223200000
1000302; 33.7315070000; 65.6451200000
1000303; 71.2544100000; 109.1521500000
1000304; 2.5676980000; 11.6050600000
1000306; 99.7199430000; 152.1020200000
1000308; 72.9996980000; 89.1053400000
1000309; 19.9204420000; 31.7241100000
1000310; 4.2427300000; 10.9264100000
1000311; 31.2732100000; 40.3291100000
1000318; 396.3177900000; 474.1085800000
1000319; 4.0130000000; 7.2050400000
1000320; 63.0480000000; 75.0426300000
1000322; 307.2105010000; 397.5803600000
1000323; 233.9370000000; 284.9437400000
1000325; 25.5639890000; 41.4450600000
1000326; 5.1120000000; 11.5501400000
1000328; 16.2969540000; 33.2744000000
1000330; 45.4400000000; 61.9022600000
1000331; 28.4000000000; 37.4335700000
1000332; 3.9220000000; 16.6957600000
1000338; 8.0699080000; 14.3882400000
1000342; 7.5586750000; 22.9613700000
1000343; 98.6710820000; 148.4085200000
1000344; 9.4596980000; 12.3371800000
1000345; 1.8340700000; 2.4339000000
1000346; 0.1834070000; 0.3819900000
1000347; 1.2838490000; 2.0417300000
1000383; 35.8930000000; 52.9877600000
1000389; 10.4541990000; 13.3455600000
1000462; 6.6460000000; 29.5693000000
1000463; 111.2510500000; 183.8589800000
1000467; 18.1250000000; 48.6152900000
1000473; 7.8845300000; 105.0944500000
1000474; 28.8800000000; 74.5647600000
1000481; 4.2739300000; 18.4308400000
1000483; 0.1000000000; 16.7889400000
1000484; 0.6563700000; 48.7087400000
1000485; 1.2985600000; 2.4225000000
1000486; 1.2985600000; 2.4716100000
1000503; 0.7600000000; 4.0241100000
1000505; 6.9971200000; 9.6525200000
1000506; 1.2100000000; 1.8848700000
1000507; 4.5100000000; 12.7679100000
1000509; 0.0710000000; 22.1208200000
1000511; 8.1400000000; 15.3070900000
1000512; 9.6210400000; 14.9517000000
1000514; 13.6600000000; 29.7406100000
1000515; 2.6246400000; 5.7519800000
1000517; 7.8717600000; 12.8984600000
1000518; 6.2100000000; 16.1194900000
1000519; 7.9800000000; 16.7149700000
1000521; 9.6210400000; 13.2722200000
1000527; 13.0710400000; 17.5591700000
1000528; 6.9971200000; 9.6413600000
1000531; 24.1300000000; 49.4365900000
1000534; 66.8225500000; 113.9711900000
1000536; 27.9190800000; 53.2419700000
1000537; 15.1893600000; 22.8577000000
1000539; 84.1900000000; 133.7568900000
1000541; 54.9295300000; 88.6307300000
1000551; 0.2720000000; 2.2416200000
1000570; 42.5200000000; 66.6102200000
1000572; 15.0320000000; 28.4248800000
1000573; 4.2550000000; 11.4995900000
1000576; 6.8380000000; 21.6300500000
1000579; 22.8239200000; 51.2272300000
1000580; 13.1196000000; 18.4751000000
1000581; 2.5552000000; 5.6851200000
1000583; 8.8200000000; 13.9672500000
1000613; 0.0495000000; 31.2223000000
1000614; 0.0495000000; 31.5157800000
1000631; 28.0500000000; 47.7441500000
1000635; 0.1785000000; 59.5451400000
1000641; 28.1850000000; 74.4747600000
1000642; 0.0180000000; 21.8204600000
1000644; 28.9000000000; 76.9445300000
1000647; 27.7000000000; 99.9851900000
1000651; 0.1770000000; 69.1210300000
1000654; 36.1995000000; 113.9778000000
1000656; 15.8000000000; 95.3117500000
1000663; 0.0270000000; 13.4348800000
1000664; 0.1260000000; 20.5339200000
1000668; 7.3945000000; 54.2881700000
1000670; 0.1485000000; 32.5562700000
1000709; 10.1973600000; 14.6265700000
1000710; 0.1700000000; 14.2959200000
1000711; 9.0643200000; 22.5445200000
1000713; 18.1286400000; 35.6529000000
1000714; 5.7939900000; 16.9656200000
1000717; 31.0650000000; 53.7396100000
1000718; 8.0700000000; 25.6746200000
1000730; 0.1015000000; 12.4054400000
1000731; 0.1015000000; 17.9553500000
1000732; 0.5080000000; 8.8328700000
1000733; 1.9050000000; 11.2704800000
1000767; 5.6652000000; 14.3310400000
1000768; 5.2609600000; 9.5659200000
1000770; 1.3437900000; 2.4681100000
1000773; 2.2894200000; 4.2933600000
1000774; 1.3437900000; 2.5066200000
1000776; 2.4800000000; 37.1324800000
1000778; 11.0500000000; 16.2495100000
1000780; 60.7110000000; 151.4809200000
1000784; 29.4300000000; 52.3099000000
1000785; 5.8402000000; 18.2369600000
1000786; 8.5862000000; 23.4144200000
1000787; 7.9312800000; 16.4045500000
1000789; 9.1913200000; 14.7759700000
1000791; 101.7997300000; 182.5534100000
1000794; 21.2837200000; 64.8055100000
1000795; 20.6576600000; 53.1409900000
1000796; 98.7636400000; 156.5911900000
1000798; 11.5317800000; 62.7066300000
1000807; 1144.0690000000; 1384.9772700000
1000809; 620.5120000000; 746.7567400000
1000811; 135.7370000000; 164.2804800000
1000814; 103.3910000000; 131.5237400000
1000816; 126.2317200000; 179.5209200000
1000817; 80.2000000000; 96.2176700000
1000822; 5.1680000000; 15.1447100000
1000831; 8.7802400000; 13.6522200000
1000832; 4.3901200000; 5.4694600000
1000833; 4.3901200000; 5.4694600000
1000834; 4.4871200000; 8.2820900000
1000835; 4.3901200000; 6.2687300000
1000836; 4.3901200000; 5.4694600000
1000837; 4.3901200000; 5.4694600000
1000839; 8.7802400000; 15.5031600000
1000843; 8.7802400000; 17.6380600000
1000855; 4.3901200000; 18.5732700000
1000860; 13.1703600000; 31.4788100000
1000881; 86.4261200000; 118.8334700000
1000885; 17.5604800000; 27.2308300000
1000886; 4.3901200000; 10.0337100000
1000888; 9.8086400000; 16.3037100000
1000896; 18.0318300000; 38.2437400000
1000897; 37.9690600000; 79.3399400000
1000898; 17.5604800000; 25.7542900000
1000899; 8.7802400000; 19.2162400000
1000905; 8.7802400000; 14.8645300000
1000906; 9.7719300000; 17.1023900000
1000908; 9.7719300000; 17.1023900000
1000909; 11.6177390000; 20.3336600000
1000910; 10.5319690000; 18.4366500000
1000914; 16.9380120000; 29.6441500000
1000915; 13.5721250000; 24.1399300000
1000916; 16.0693960000; 28.1255600000
1000917; 7.9268090000; 43.7161000000
1000918; 8.9033140000; 30.0289200000
1000919; 9.5547760000; 110.8906900000
1000923; 19.3000000000; 47.5749200000
1000931; 0.9320420000; 1.9582000000
1000932; 11.2667430000; 20.0922100000
1000933; 1.9189100000; 3.4243400000
1000934; 2.0285620000; 3.6204900000
1000935; 3.1524950000; 5.6235600000
1000936; 0.9320420000; 2.1576900000
1000937; 1.9737360000; 3.6969600000
1000938; 2.0833880000; 3.9097400000
1000939; 0.4111950000; 0.8560900000
1000943; 8.7718870000; 15.8708200000
1000980; 8.8370000000; 21.0455200000
1001043; 22.1424700000; 32.4024400000
1001045; 12.7400000000; 22.7012400000
1001046; 2.1660500000; 7.1632700000
1001047; 0.0990000000; 8.8847700000
1001048; 0.8664200000; 6.6786800000
1001056; 6.4981500000; 8.7220000000
1001057; 1.7328400000; 11.1998900000
1001058; 3.4656800000; 4.9150600000
1001060; 7.3645700000; 10.3407700000
1001061; 4.3321000000; 7.7877400000
1001073; 6.0000000000; 16.4591200000
1001074; 6.0000000000; 16.4591200000
1001077; 53.5173900000; 110.4103600000
1001080; 6.3378200000; 19.8507900000
1001081; 14.0768100000; 30.4358600000
1001082; 16.4886000000; 41.9821900000
1001101; 0.1000000000; 1.0400400000
1001103; 16.8976337403; 18.0241100000
1001104; 14.6819977802; 15.7422500000
1001105; 15.2728612653; 16.1736500000
1001107; 15.9227702553; 16.8209600000
1001108; 18.3024972253; 19.5475000000
1001109; 5.1992719201; 5.4800000000
1001110; 17.8724972253; 18.8714300000
1001111; 10.9962719201; 14.7020500000
1001113; 37.7460000000; 206.2700000000
1001120; 15.2728612653; 21.1506300000
1001121; 13.3231342952; 18.5552100000
1001122; 14.9479067703; 20.5189700000
1001123; 13.6480887902; 18.7301300000
1001125; 9.0987258602; 12.9083600000
1001126; 4.2244084351; 5.8576500000
1001127; 9.0987258602; 12.5570200000
1001128; 9.0987258602; 12.8732200000
1001129; 9.0987258602; 12.5570200000
1001130; 9.4236803552; 12.9076100000
1001132; 0.9060000000; 12.8436200000
1001135; 2.1000000000; 4.3003600000
1001138; 1.3230000000; 7.0589500000
1001167; 1.6550000000; 9.7997500000
1001170; 15.5978157603; 21.7822900000
1001171; 19.5613152053; 27.0289400000
1001173; 9.4236803552; 13.6454200000
1001175; 9.4236803552; 12.9427500000
1001176; 9.4236803552; 13.6102900000
1001177; 6.8240443951; 9.3299300000
1001191; 7.1489988901; 11.0858700000
1001440; 20.2976200000; 117.2659100000
1001445; 0.1960800000; 47.9486500000
1001450; 4.5532200000; 9.4586700000
1001464; 0.3660800000; 12.5196500000
1002011; 112.5580000000; 195.0395400000
1002025; 18.8720000000; 71.8879000000
1002030; 13.1020000000; 54.7961600000
1002132; 4.3901200000; 25.6214400000
